2 0.9651442307692307 0.4014423076923077 0.06971153846153846 0.1201923076923077
2 0.7836538461538461 0.3954326923076923 0.13701923076923078 0.10576923076923077
2 0.6514423076923077 0.38461538461538464 0.10336538461538461 0.09615384615384616
2 0.3317307692307692 0.34375 0.11298076923076923 0.0985576923076923
2 0.49759615384615385 0.3786057692307692 0.08653846153846154 0.07692307692307693
2 0.5360576923076923 0.4026442307692308 0.10096153846153846 0.09375
2 0.06370192307692307 0.359375 0.10576923076923077 0.08173076923076923
2 0.36538461538461536 0.4098557692307692 0.11778846153846154 0.08413461538461539
2 0.21634615384615385 0.38822115384615385 0.1346153846153846 0.1201923076923077
2 0.65625 0.453125 0.11298076923076923 0.0985576923076923
2 0.8894230769230769 0.4855769230769231 0.0985576923076923 0.08653846153846154
2 0.11658653846153846 0.3798076923076923 0.10576923076923077 0.08653846153846154