2 0.25 0.3112980769230769 0.19951923076923078 0.14423076923076922
2 0.038461538461538464 0.32211538461538464 0.07692307692307693 0.1201923076923077
2 0.6502403846153846 0.25240384615384615 0.20673076923076922 0.15144230769230768
2 0.42908653846153844 0.27524038461538464 0.2091346153846154 0.19230769230769232
2 0.1658653846153846 0.22716346153846154 0.16826923076923078 0.11538461538461539
2 0.53125 0.16466346153846154 0.16105769230769232 0.10576923076923077
2 0.7584134615384616 0.15144230769230768 0.17548076923076922 0.1466346153846154
2 0.09014423076923077 0.23798076923076922 0.13942307692307693 0.12259615384615384
2 0.025240384615384616 0.23076923076923078 0.05048076923076923 0.1201923076923077
2 0.3786057692307692 0.13822115384615385 0.14182692307692307 0.10336538461538461
2 0.8617788461538461 0.17067307692307693 0.11778846153846154 0.17067307692307693
2 0.20552884615384615 0.18990384615384615 0.14182692307692307 0.12259615384615384
2 0.6730769230769231 0.03365384615384615 0.11057692307692307 0.0673076923076923
2 0.7776442307692307 0.05889423076923077 0.12740384615384615 0.11778846153846154
2 0.9110576923076923 0.13341346153846154 0.10576923076923077 0.17307692307692307
2 0.3161057692307692 0.09735576923076923 0.10817307692307693 0.11057692307692307
2 0.2620192307692308 0.15625 0.11298076923076923 0.12259615384615384