2 0.27884615384615385 0.27884615384615385 0.18389423076923078 0.11899038461538461
2 0.051682692307692304 0.25841346153846156 0.09735576923076923 0.10697115384615384
2 0.6838942307692307 0.27524038461538464 0.19230769230769232 0.125
2 0.46153846153846156 0.26802884615384615 0.1875 0.16706730769230768
2 0.20673076923076922 0.18269230769230768 0.15745192307692307 0.09375
2 0.578125 0.171875 0.15144230769230768 0.08533653846153846
2 0.8040865384615384 0.19110576923076922 0.15985576923076922 0.125
2 0.1310096153846154 0.18389423076923078 0.125 0.10697115384615384
2 0.04447115384615385 0.16466346153846154 0.0829326923076923 0.11057692307692307
2 0.43028846153846156 0.125 0.1310096153846154 0.08533653846153846
2 0.9038461538461539 0.2247596153846154 0.09735576923076923 0.15985576923076922
2 0.2512019230769231 0.15144230769230768 0.12740384615384615 0.10697115384615384
2 0.7391826923076923 0.054086538461538464 0.10096153846153846 0.0733173076923077
2 0.8365384615384616 0.10096153846153846 0.11298076923076923 0.1045673076923077
2 0.9579326923076923 0.19471153846153846 0.0829326923076923 0.1622596153846154
2 0.3737980769230769 0.07572115384615384 0.09495192307692307 0.09735576923076923
2 0.3125 0.12620192307692307 0.09735576923076923 0.11057692307692307