2 0.6814903846153846 0.2247596153846154 0.0829326923076923 0.057692307692307696
2 0.7584134615384616 0.3629807692307692 0.0829326923076923 0.18629807692307693
2 0.5865384615384616 0.3762019230769231 0.06971153846153846 0.07692307692307693
2 0.12620192307692307 0.3641826923076923 0.057692307692307696 0.06850961538461539
2 0.40024038461538464 0.3233173076923077 0.057692307692307696 0.07211538461538461
2 0.27163461538461536 0.3737980769230769 0.057692307692307696 0.11298076923076923
2 0.5300480769230769 0.3161057692307692 0.05048076923076923 0.06610576923076923
2 0.3425480769230769 0.3629807692307692 0.04927884615384615 0.06490384615384616
2 0.48197115384615385 0.33774038461538464 0.042067307692307696 0.04927884615384615
2 0.06009615384615385 0.39783653846153844 0.03485576923076923 0.037259615384615384
4 0.5877403846153846 0.4098557692307692 0.051682692307692304 0.03245192307692308