2 0.7259615384615384 0.2608173076923077 0.09134615384615384 0.07211538461538461
2 0.7788461538461539 0.4098557692307692 0.11298076923076923 0.1971153846153846
2 0.6069711538461539 0.39302884615384615 0.08173076923076923 0.0889423076923077
2 0.15504807692307693 0.3016826923076923 0.06971153846153846 0.07692307692307693
2 0.4326923076923077 0.3088942307692308 0.06971153846153846 0.08173076923076923
2 0.296875 0.33653846153846156 0.07692307692307693 0.1201923076923077
2 0.5612980769230769 0.3245192307692308 0.06009615384615385 0.07451923076923077
2 0.36899038461538464 0.33774038461538464 0.06009615384615385 0.07211538461538461
2 0.5108173076923077 0.33653846153846156 0.05048076923076923 0.055288461538461536
2 0.08413461538461539 0.3233173076923077 0.040865384615384616 0.04326923076923077
4 0.6021634615384616 0.4266826923076923 0.057692307692307696 0.040865384615384616