2 0.3269230769230769 0.5240384615384616 0.06009615384615385 0.0673076923076923
2 0.5012019230769231 0.48677884615384615 0.07211538461538461 0.07932692307692307
2 0.7824519230769231 0.4831730769230769 0.06009615384615385 0.07451923076923077
2 0.8533653846153846 0.4699519230769231 0.06009615384615385 0.07451923076923077
5 0.42788461538461536 0.6586538461538461 0.10817307692307693 0.3173076923076923
5 0.265625 0.7379807692307693 0.14423076923076922 0.5192307692307693
5 0.8040865384615384 0.6418269230769231 0.14423076923076922 0.37259615384615385
5 0.36177884615384615 0.7319711538461539 0.12740384615384615 0.4639423076923077
5 0.8701923076923077 0.625 0.12259615384615384 0.3485576923076923
5 0.5348557692307693 0.7151442307692307 0.15384615384615385 0.5048076923076923
5 0.6081730769230769 0.703125 0.1778846153846154 0.5673076923076923
5 0.040865384615384616 0.6706730769230769 0.07932692307692307 0.2692307692307692
5 0.7319711538461539 0.6225961538461539 0.08653846153846154 0.27884615384615385
5 0.6850961538461539 0.6538461538461539 0.11057692307692307 0.33653846153846156
5 0.4951923076923077 0.6887019230769231 0.0985576923076923 0.41346153846153844
5 0.3173076923076923 0.703125 0.10576923076923077 0.375
5 0.7043269230769231 0.6622596153846154 0.09134615384615384 0.34134615384615385
5 0.20552884615384615 0.6430288461538461 0.07451923076923077 0.23076923076923078
5 0.6622596153846154 0.59375 0.06490384615384616 0.1971153846153846