2 0.3076923076923077 0.2764423076923077 0.08173076923076923 0.10336538461538461
2 0.39302884615384615 0.27524038461538464 0.057692307692307696 0.08653846153846154
2 0.4483173076923077 0.2536057692307692 0.0625 0.08413461538461539
5 0.625 0.5420673076923077 0.2956730769230769 0.7307692307692307
5 0.19110576923076922 0.6286057692307693 0.30528846153846156 0.7331730769230769
5 0.3545673076923077 0.5817307692307693 0.24519230769230768 0.6971153846153846
5 0.8269230769230769 0.5 0.2980769230769231 0.8052884615384616
5 0.49759615384615385 0.5192307692307693 0.2091346153846154 0.5961538461538461
5 0.7115384615384616 0.36177884615384615 0.10576923076923077 0.3076923076923077
5 0.4266826923076923 0.4879807692307692 0.16826923076923078 0.49759615384615385
5 0.890625 0.27163461538461536 0.040865384615384616 0.10576923076923077