2 0.11899038461538461 0.2283653846153846 0.08173076923076923 0.07932692307692307
2 0.8028846153846154 0.32211538461538464 0.08653846153846154 0.09615384615384616
2 0.2920673076923077 0.23076923076923078 0.07692307692307693 0.09375
2 0.6286057692307693 0.31490384615384615 0.07932692307692307 0.07932692307692307
2 0.21514423076923078 0.25240384615384615 0.06009615384615385 0.07932692307692307
2 0.4098557692307692 0.265625 0.06971153846153846 0.08653846153846154
2 0.7223557692307693 0.32091346153846156 0.06009615384615385 0.06490384615384616
2 0.32091346153846156 0.2980769230769231 0.03365384615384615 0.04807692307692308
2 0.3641826923076923 0.2980769230769231 0.036057692307692304 0.04326923076923077
2 0.47836538461538464 0.3401442307692308 0.04567307692307692 0.06490384615384616
2 0.5853365384615384 0.31850961538461536 0.05048076923076923 0.06490384615384616
2 0.4567307692307692 0.30288461538461536 0.040865384615384616 0.057692307692307696