2 0.38100961538461536 0.3918269230769231 0.078125 0.07932692307692307
2 0.4795673076923077 0.3605769230769231 0.08173076923076923 0.08413461538461539
2 0.6117788461538461 0.359375 0.09254807692307693 0.09254807692307693
2 0.7295673076923077 0.3425480769230769 0.11778846153846154 0.09975961538461539
2 0.2403846153846154 0.3581730769230769 0.09254807692307693 0.08413461538461539
2 0.14783653846153846 0.5084134615384616 0.20432692307692307 0.21634615384615385
2 0.06370192307692307 0.375 0.1045673076923077 0.1346153846153846
5 0.6538461538461539 0.7451923076923077 0.25961538461538464 0.5096153846153846
5 0.484375 0.6454326923076923 0.14423076923076922 0.6418269230769231
5 0.7475961538461539 0.6514423076923077 0.16706730769230768 0.6971153846153846
5 0.9495192307692307 0.5793269230769231 0.08774038461538461 0.484375
5 0.37259615384615385 0.625 0.125 0.5456730769230769
5 0.25600961538461536 0.5456730769230769 0.11658653846153846 0.4375
5 0.6334134615384616 0.4050480769230769 0.15144230769230768 0.17548076923076922
5 0.15745192307692307 0.6899038461538461 0.21634615384615385 0.5997596153846154