2 0.5264423076923077 0.5204326923076923 0.04567307692307692 0.051682692307692304
2 0.7560096153846154 0.48197115384615385 0.07572115384615384 0.0985576923076923
2 0.2800480769230769 0.5456730769230769 0.08774038461538461 0.09254807692307693
2 0.0985576923076923 0.5096153846153846 0.078125 0.0733173076923077
2 0.36658653846153844 0.5336538461538461 0.05048076923076923 0.04927884615384615
5 0.09735576923076923 0.7307692307692307 0.16466346153846154 0.5228365384615384
5 0.7415865384615384 0.7139423076923077 0.18028846153846154 0.5564903846153846
5 0.27283653846153844 0.7560096153846154 0.12139423076923077 0.4879807692307692
5 0.4567307692307692 0.7319711538461539 0.14423076923076922 0.5180288461538461
5 0.3605769230769231 0.6995192307692307 0.08774038461538461 0.3894230769230769
5 0.5228365384615384 0.6574519230769231 0.07211538461538461 0.32091346153846156