2 0.5324519230769231 0.46153846153846156 0.078125 0.09014423076923077
2 0.6875 0.41586538461538464 0.08413461538461539 0.10096153846153846
2 0.7824519230769231 0.3894230769230769 0.09375 0.10697115384615384
2 0.4014423076923077 0.4639423076923077 0.08052884615384616 0.09014423076923077
2 0.45552884615384615 0.47836538461538464 0.054086538461538464 0.09375
5 0.40384615384615385 0.7103365384615384 0.17427884615384615 0.5733173076923077
5 0.5408653846153846 0.7067307692307693 0.16466346153846154 0.5697115384615384
5 0.8629807692307693 0.6634615384615384 0.25841346153846156 0.6694711538461539
5 0.6959134615384616 0.6538461538461539 0.1658653846153846 0.6850961538461539
5 0.6706730769230769 0.6586538461538461 0.33052884615384615 0.6802884615384616
5 0.45913461538461536 0.7163461538461539 0.0889423076923077 0.5600961538461539