2 0.21995192307692307 0.19471153846153846 0.1045673076923077 0.12620192307692307
2 0.3161057692307692 0.21995192307692307 0.08774038461538461 0.1045673076923077
2 0.41947115384615385 0.23557692307692307 0.06971153846153846 0.08653846153846154
2 0.4987980769230769 0.2247596153846154 0.06971153846153846 0.06009615384615385
2 0.36778846153846156 0.20673076923076922 0.07211538461538461 0.08413461538461539
2 0.8557692307692307 0.1141826923076923 0.1201923076923077 0.1201923076923077
2 0.7307692307692307 0.4675480769230769 0.078125 0.10216346153846154
2 0.6646634615384616 0.4375 0.078125 0.10216346153846154
2 0.039663461538461536 0.2668269230769231 0.06009615384615385 0.08413461538461539
5 0.8581730769230769 0.49399038461538464 0.18870192307692307 0.8665865384615384
5 0.43028846153846156 0.4855769230769231 0.1201923076923077 0.5793269230769231
5 0.49278846153846156 0.47596153846153844 0.09495192307692307 0.5492788461538461
5 0.3076923076923077 0.49278846153846156 0.125 0.6490384615384616
5 0.21153846153846154 0.5276442307692307 0.14423076923076922 0.7439903846153846
5 0.7199519230769231 0.640625 0.14302884615384615 0.421875
5 0.05889423076923077 0.5072115384615384 0.1045673076923077 0.5588942307692307
5 0.6466346153846154 0.5504807692307693 0.12860576923076922 0.3076923076923077