2 0.32211538461538464 0.5168269230769231 0.07572115384615384 0.12139423076923077
2 0.49399038461538464 0.5600961538461539 0.08052884615384616 0.1045673076923077
2 0.7007211538461539 0.5685096153846154 0.0625 0.11298076923076923
2 0.8377403846153846 0.5552884615384616 0.056490384615384616 0.08653846153846154
2 0.17067307692307693 0.5096153846153846 0.10216346153846154 0.16466346153846154
5 0.4963942307692308 0.6742788461538461 0.15865384615384615 0.33052884615384615
5 0.11057692307692307 0.7247596153846154 0.21995192307692307 0.5336538461538461
5 0.9050480769230769 0.6622596153846154 0.1814903846153846 0.2644230769230769
5 0.6706730769230769 0.6790865384615384 0.14423076923076922 0.3076923076923077
5 0.2848557692307692 0.6466346153846154 0.15625 0.37740384615384615
5 0.38221153846153844 0.5324519230769231 0.025240384615384616 0.09615384615384616