2 0.20192307692307693 0.14423076923076922 0.08052884615384616 0.109375
2 0.32211538461538464 0.12259615384615384 0.09014423076923077 0.11658653846153846
2 0.44350961538461536 0.15625 0.07692307692307693 0.10096153846153846
2 0.5961538461538461 0.17427884615384615 0.08774038461538461 0.09375
2 0.7403846153846154 0.17908653846153846 0.09495192307692307 0.10096153846153846
2 0.8149038461538461 0.3641826923076923 0.11057692307692307 0.12740384615384615
5 0.20072115384615385 0.5120192307692307 0.17548076923076922 0.8137019230769231
5 0.051682692307692304 0.17908653846153846 0.10216346153846154 0.35697115384615385
5 0.3233173076923077 0.43028846153846156 0.12379807692307693 0.7019230769230769
5 0.42788461538461536 0.5096153846153846 0.15985576923076922 0.7872596153846154
5 0.7283653846153846 0.5552884615384616 0.20072115384615385 0.8401442307692307
5 0.59375 0.5336538461538461 0.15625 0.7980769230769231
5 0.8569711538461539 0.6514423076923077 0.18389423076923078 0.6935096153846154