2 0.056490384615384616 0.27163461538461536 0.10576923076923077 0.16826923076923078
2 0.16105769230769232 0.28125 0.125 0.13942307692307693
2 0.2776442307692308 0.33774038461538464 0.09615384615384616 0.13701923076923078
2 0.4014423076923077 0.3401442307692308 0.11298076923076923 0.10817307692307693
2 0.7139423076923077 0.25841346153846156 0.14182692307692307 0.18509615384615385
2 0.6298076923076923 0.3317307692307692 0.09134615384615384 0.11778846153846154
2 0.8846153846153846 0.203125 0.12980769230769232 0.15384615384615385
5 0.8822115384615384 0.5661057692307693 0.23557692307692307 0.8677884615384616
5 0.6971153846153846 0.5721153846153846 0.2644230769230769 0.8557692307692307
5 0.4170673076923077 0.6358173076923077 0.1778846153846154 0.7283653846153846
5 0.29086538461538464 0.6177884615384616 0.15144230769230768 0.7596153846153846
5 0.08533653846153846 0.578125 0.17067307692307693 0.8293269230769231
5 0.171875 0.5985576923076923 0.16826923076923078 0.7932692307692307