2 0.20673076923076922 0.234375 0.078125 0.09254807692307693
2 0.39663461538461536 0.2776442307692308 0.07451923076923077 0.09014423076923077
2 0.5276442307692307 0.2704326923076923 0.036057692307692304 0.05048076923076923
2 0.6538461538461539 0.31490384615384615 0.08052884615384616 0.11658653846153846
2 0.7139423076923077 0.30649038461538464 0.06850961538461539 0.11057692307692307
2 0.8629807692307693 0.2800480769230769 0.06610576923076923 0.09014423076923077
2 0.9735576923076923 0.27403846153846156 0.051682692307692304 0.06610576923076923
5 0.8064903846153846 0.6334134615384616 0.23076923076923078 0.7295673076923077
5 0.23918269230769232 0.5384615384615384 0.22956730769230768 0.7127403846153846
5 0.5360576923076923 0.40024038461538464 0.09014423076923077 0.29927884615384615
5 0.8701923076923077 0.3401442307692308 0.06009615384615385 0.17908653846153846
5 0.6598557692307693 0.5757211538461539 0.13942307692307693 0.6129807692307693
5 0.4182692307692308 0.5060096153846154 0.12379807692307693 0.5661057692307693
5 0.9711538461538461 0.4254807692307692 0.057692307692307696 0.3233173076923077
5 0.14423076923076922 0.30528846153846156 0.04567307692307692 0.13822115384615385