2 0.3233173076923077 0.5228365384615384 0.07932692307692307 0.125
2 0.4963942307692308 0.5600961538461539 0.08413461538461539 0.10817307692307693
2 0.703125 0.5612980769230769 0.0673076923076923 0.11538461538461539
2 0.8389423076923077 0.5432692307692307 0.06009615384615385 0.0889423076923077
2 0.17067307692307693 0.5216346153846154 0.10817307692307693 0.16826923076923078
5 0.5024038461538461 0.6742788461538461 0.17067307692307693 0.33653846153846156
5 0.11899038461538461 0.7331730769230769 0.23798076923076922 0.5336538461538461
5 0.9074519230769231 0.6478365384615384 0.18509615384615385 0.27163461538461536
5 0.6766826923076923 0.6730769230769231 0.15384615384615385 0.3125
5 0.28966346153846156 0.6538461538461539 0.16826923076923078 0.38221153846153844
5 0.38341346153846156 0.5360576923076923 0.028846153846153848 0.09615384615384616