2 0.5216346153846154 0.5252403846153846 0.055288461538461536 0.06009615384615385
2 0.7536057692307693 0.5360576923076923 0.09375 0.11298076923076923
2 0.27524038461538464 0.4987980769230769 0.10576923076923077 0.10817307692307693
2 0.10576923076923077 0.4254807692307692 0.09134615384615384 0.0889423076923077
2 0.3629807692307692 0.5048076923076923 0.06009615384615385 0.057692307692307696
5 0.09615384615384616 0.640625 0.19230769230769232 0.5456730769230769
5 0.6911057692307693 0.734375 0.29086538461538464 0.53125
5 0.2247596153846154 0.703125 0.22115384615384615 0.5024038461538461
5 0.4098557692307692 0.7175480769230769 0.24759615384615385 0.5360576923076923
5 0.32211538461538464 0.6658653846153846 0.1658653846153846 0.39903846153846156
5 0.4891826923076923 0.6586538461538461 0.13701923076923078 0.3293269230769231