2 0.18870192307692307 0.5252403846153846 0.1466346153846154 0.15384615384615385
2 0.32572115384615385 0.5384615384615384 0.10096153846153846 0.11298076923076923
2 0.46634615384615385 0.5216346153846154 0.10336538461538461 0.13221153846153846
2 0.6334134615384616 0.6177884615384616 0.0889423076923077 0.09375
2 0.6322115384615384 0.7247596153846154 0.1346153846153846 0.16826923076923078
2 0.7295673076923077 0.9074519230769231 0.19471153846153846 0.18509615384615385
2 0.6911057692307693 0.6129807692307693 0.07451923076923077 0.08653846153846154
2 0.53125 0.578125 0.07211538461538461 0.09375
2 0.5108173076923077 0.5204326923076923 0.0625 0.08173076923076923
2 0.39663461538461536 0.3401442307692308 0.03365384615384615 0.052884615384615384
2 0.31490384615384615 0.35216346153846156 0.052884615384615384 0.0673076923076923
2 0.21153846153846154 0.32211538461538464 0.055288461538461536 0.052884615384615384
5 0.16826923076923078 0.6875 0.33653846153846156 0.4951923076923077
5 0.12259615384615384 0.4230769230769231 0.14423076923076922 0.27163461538461536
5 0.27163461538461536 0.47115384615384615 0.1466346153846154 0.2668269230769231
5 0.21153846153846154 0.39903846153846156 0.09375 0.18509615384615385
5 0.38822115384615385 0.421875 0.09134615384615384 0.20673076923076922
5 0.3545673076923077 0.3894230769230769 0.055288461538461536 0.1201923076923077
5 0.04447115384615385 0.46033653846153844 0.055288461538461536 0.11057692307692307
5 0.7067307692307693 0.17067307692307693 0.04807692307692308 0.10576923076923077
5 0.3004807692307692 0.6418269230769231 0.14903846153846154 0.30288461538461536