2 0.23677884615384615 0.18028846153846154 0.11057692307692307 0.13221153846153846
2 0.33052884615384615 0.21033653846153846 0.09375 0.10817307692307693
2 0.4338942307692308 0.23197115384615385 0.07451923076923077 0.0889423076923077
2 0.5132211538461539 0.2247596153846154 0.07211538461538461 0.0625
2 0.38341346153846156 0.20072115384615385 0.07692307692307693 0.0889423076923077
2 0.875 0.13341346153846154 0.12740384615384615 0.12740384615384615
2 0.7319711538461539 0.4795673076923077 0.08413461538461539 0.10576923076923077
2 0.6682692307692307 0.44591346153846156 0.08413461538461539 0.10576923076923077
2 0.052884615384615384 0.24278846153846154 0.06490384615384616 0.08653846153846154
5 0.8581730769230769 0.5132211538461539 0.23317307692307693 0.875
5 0.43149038461538464 0.48197115384615385 0.15144230769230768 0.5841346153846154
5 0.49399038461538464 0.47596153846153844 0.12259615384615384 0.5528846153846154
5 0.3088942307692308 0.4831730769230769 0.15865384615384615 0.6538461538461539
5 0.21033653846153846 0.5120192307692307 0.18269230769230768 0.75
5 0.7127403846153846 0.6514423076923077 0.1658653846153846 0.42788461538461536
5 0.0625 0.4831730769230769 0.125 0.5625
5 0.6442307692307693 0.5576923076923077 0.14423076923076922 0.31490384615384615