2 0.7608173076923077 0.8978365384615384 0.19951923076923078 0.20432692307692307
2 0.18990384615384615 0.5576923076923077 0.11538461538461539 0.12980769230769232
2 0.33052884615384615 0.5528846153846154 0.08173076923076923 0.0985576923076923
2 0.6382211538461539 0.6286057692307693 0.07932692307692307 0.11298076923076923
2 0.4699519230769231 0.5336538461538461 0.07692307692307693 0.125
2 0.7091346153846154 0.6117788461538461 0.07932692307692307 0.09375
2 0.1310096153846154 0.3485576923076923 0.052884615384615384 0.055288461538461536
2 0.296875 0.3786057692307692 0.05048076923076923 0.07451923076923077
2 0.5384615384615384 0.5865384615384616 0.0673076923076923 0.08173076923076923
2 0.6418269230769231 0.7271634615384616 0.13701923076923078 0.1778846153846154
2 0.5144230769230769 0.5276442307692307 0.06971153846153846 0.08173076923076923
2 0.20192307692307693 0.35336538461538464 0.04326923076923077 0.04326923076923077
2 0.3894230769230769 0.35336538461538464 0.028846153846153848 0.04567307692307692
5 0.16105769230769232 0.7199519230769231 0.30528846153846156 0.4831730769230769
5 0.1141826923076923 0.44711538461538464 0.14182692307692307 0.27163461538461536
5 0.2704326923076923 0.4795673076923077 0.14903846153846154 0.31009615384615385
5 0.19831730769230768 0.41346153846153844 0.10576923076923077 0.21394230769230768
5 0.38341346153846156 0.43149038461538464 0.09615384615384616 0.22115384615384615
5 0.6814903846153846 0.14423076923076922 0.0625 0.11778846153846154