2 0.20192307692307693 0.23918269230769232 0.07932692307692307 0.09375
2 0.39302884615384615 0.2800480769230769 0.07692307692307693 0.09134615384615384
2 0.5240384615384616 0.2704326923076923 0.036057692307692304 0.05048076923076923
2 0.6502403846153846 0.3125 0.08173076923076923 0.11778846153846154
2 0.7103365384615384 0.30288461538461536 0.06971153846153846 0.11057692307692307
2 0.859375 0.27403846153846156 0.0673076923076923 0.09134615384615384
2 0.9699519230769231 0.265625 0.052884615384615384 0.0673076923076923
5 0.8088942307692307 0.6286057692307693 0.24278846153846154 0.7331730769230769
5 0.2403846153846154 0.5432692307692307 0.24278846153846154 0.7163461538461539
5 0.5348557692307693 0.39903846153846156 0.09615384615384616 0.3004807692307692
5 0.8677884615384616 0.33413461538461536 0.0625 0.18028846153846154
5 0.6610576923076923 0.5733173076923077 0.14903846153846154 0.6153846153846154
5 0.4182692307692308 0.5072115384615384 0.1346153846153846 0.5673076923076923
5 0.96875 0.4170673076923077 0.0625 0.3245192307692308
5 0.140625 0.3112980769230769 0.04807692307692308 0.13942307692307693