2 0.07451923076923077 0.30649038461538464 0.06971153846153846 0.06610576923076923
2 0.7632211538461539 0.26802884615384615 0.07091346153846154 0.08533653846153846
2 0.2439903846153846 0.27524038461538464 0.06129807692307692 0.0829326923076923
2 0.5913461538461539 0.2932692307692308 0.0673076923076923 0.06850961538461539
2 0.17307692307692307 0.3112980769230769 0.046875 0.07091346153846154
2 0.36658653846153844 0.28725961538461536 0.056490384615384616 0.07692307692307693
2 0.6838942307692307 0.28125 0.05048076923076923 0.056490384615384616
2 0.2860576923076923 0.33533653846153844 0.026442307692307692 0.04447115384615385
2 0.328125 0.328125 0.028846153846153848 0.037259615384615384
2 0.4483173076923077 0.3473557692307692 0.036057692307692304 0.05889423076923077
2 0.5492788461538461 0.30528846153846156 0.039663461538461536 0.05889423076923077
2 0.41947115384615385 0.31490384615384615 0.030048076923076924 0.054086538461538464