2 0.8822115384615384 0.12740384615384615 0.10576923076923077 0.11538461538461539
2 0.24278846153846154 0.1814903846153846 0.10336538461538461 0.12259615384615384
2 0.7307692307692307 0.47596153846153844 0.07932692307692307 0.07692307692307693
2 0.5120192307692307 0.22596153846153846 0.06490384615384616 0.06490384615384616
2 0.43509615384615385 0.23317307692307693 0.06009615384615385 0.07692307692307693
2 0.33774038461538464 0.2127403846153846 0.08653846153846154 0.09615384615384616
2 0.6682692307692307 0.44591346153846156 0.06971153846153846 0.08413461538461539
2 0.055288461538461536 0.23677884615384615 0.057692307692307696 0.06971153846153846
5 0.8473557692307693 0.53125 0.28125 0.9302884615384616
5 0.06971153846153846 0.43509615384615385 0.13942307692307693 0.4855769230769231
5 0.21153846153846154 0.49278846153846156 0.21394230769230768 0.7403846153846154
5 0.5036057692307693 0.47716346153846156 0.12740384615384615 0.5769230769230769