2 0.20552884615384615 0.6045673076923077 0.11658653846153846 0.12860576923076922
2 0.34134615384615385 0.5829326923076923 0.078125 0.09615384615384616
2 0.4735576923076923 0.5300480769230769 0.07572115384615384 0.11658653846153846
2 0.6598557692307693 0.5793269230769231 0.07211538461538461 0.078125
2 0.6862980769230769 0.6826923076923077 0.09975961538461539 0.1466346153846154
2 0.8341346153846154 0.8617788461538461 0.14423076923076922 0.21033653846153846
2 0.7139423076923077 0.5600961538461539 0.056490384615384616 0.07451923076923077
2 0.5504807692307693 0.5673076923076923 0.051682692307692304 0.08413461538461539
2 0.515625 0.5168269230769231 0.04447115384615385 0.07211538461538461
2 0.359375 0.37259615384615385 0.021634615384615384 0.04807692307692308
2 0.2824519230769231 0.4050480769230769 0.039663461538461536 0.06009615384615385
2 0.17548076923076922 0.4026442307692308 0.04567307692307692 0.042067307692307696
5 0.2091346153846154 0.7728365384615384 0.27283653846153844 0.4387019230769231
5 0.11538461538461539 0.5240384615384616 0.08052884615384616 0.25841346153846156
5 0.27163461538461536 0.53125 0.0829326923076923 0.2548076923076923
5 0.19471153846153846 0.47716346153846156 0.05048076923076923 0.1778846153846154
5 0.3713942307692308 0.453125 0.039663461538461536 0.20432692307692307
5 0.33052884615384615 0.43149038461538464 0.026442307692307692 0.11778846153846154
5 0.04927884615384615 0.5793269230769231 0.028846153846153848 0.10697115384615384
5 0.6141826923076923 0.12860576923076922 0.02283653846153846 0.10336538461538461
5 0.34375 0.6887019230769231 0.07451923076923077 0.29447115384615385