2 0.32091346153846156 0.31971153846153844 0.0985576923076923 0.08653846153846154
2 0.5372596153846154 0.27403846153846156 0.07211538461538461 0.08413461538461539
2 0.6298076923076923 0.24158653846153846 0.07211538461538461 0.07932692307692307
2 0.7079326923076923 0.21514423076923078 0.09134615384615384 0.09615384615384616
2 0.41346153846153844 0.3581730769230769 0.04567307692307692 0.06009615384615385
2 0.5060096153846154 0.2956730769230769 0.052884615384615384 0.06971153846153846
2 0.042067307692307696 0.4026442307692308 0.08413461538461539 0.0889423076923077
2 0.13581730769230768 0.3918269230769231 0.0673076923076923 0.07692307692307693
2 0.20072115384615385 0.328125 0.08653846153846154 0.0985576923076923
5 0.13341346153846154 0.6778846153846154 0.2668269230769231 0.6442307692307693
5 0.6165865384615384 0.5612980769230769 0.2764423076923077 0.6442307692307693
5 0.2692307692307692 0.625 0.2644230769230769 0.6586538461538461
5 0.8245192307692307 0.4723557692307692 0.35096153846153844 0.7427884615384616
5 0.4014423076923077 0.5769230769230769 0.2644230769230769 0.6105769230769231
5 0.4651442307692308 0.5288461538461539 0.15144230769230768 0.40384615384615385
5 0.6838942307692307 0.4543269230769231 0.1971153846153846 0.4807692307692308
5 0.20072115384615385 0.6153846153846154 0.20192307692307693 0.5360576923076923
5 0.5420673076923077 0.4891826923076923 0.15625 0.4230769230769231
5 0.3173076923076923 0.48677884615384615 0.10576923076923077 0.2860576923076923
5 0.29086538461538464 0.5036057692307693 0.11057692307692307 0.2860576923076923
1 0.20432692307692307 0.9723557692307693 0.052884615384615384 0.055288461538461536