2 0.052884615384615384 0.27884615384615385 0.10216346153846154 0.16706730769230768
2 0.15745192307692307 0.28725961538461536 0.12259615384615384 0.13701923076923078
2 0.27524038461538464 0.34134615384615385 0.09495192307692307 0.1346153846153846
2 0.39903846153846156 0.34134615384615385 0.11057692307692307 0.10697115384615384
2 0.7091346153846154 0.2548076923076923 0.13822115384615385 0.18269230769230768
2 0.6274038461538461 0.3293269230769231 0.09014423076923077 0.11658653846153846
2 0.8798076923076923 0.19591346153846154 0.12740384615384615 0.15144230769230768
5 0.8870192307692307 0.5637019230769231 0.2247596153846154 0.8713942307692307
5 0.6995192307692307 0.5709134615384616 0.24879807692307693 0.8545673076923077
5 0.41947115384615385 0.6370192307692307 0.16466346153846154 0.7259615384615384
5 0.2932692307692308 0.6213942307692307 0.13942307692307693 0.7572115384615384
5 0.0829326923076923 0.5865384615384616 0.1658653846153846 0.8257211538461539
5 0.17307692307692307 0.6045673076923077 0.15504807692307693 0.7908653846153846