2 0.5144230769230769 0.42908653846153844 0.12980769230769232 0.20673076923076922
2 0.34134615384615385 0.13221153846153846 0.16346153846153846 0.24278846153846154
2 0.8629807692307693 0.45552884615384615 0.11057692307692307 0.15865384615384615
2 0.04567307692307692 0.5048076923076923 0.09134615384615384 0.28365384615384615
2 0.7668269230769231 0.22956730769230768 0.10096153846153846 0.14182692307692307
2 0.7247596153846154 0.59375 0.1201923076923077 0.18990384615384615
2 0.8497596153846154 0.10817307692307693 0.05048076923076923 0.0625
2 0.11658653846153846 0.5168269230769231 0.12740384615384615 0.2620192307692308
2 0.3762019230769231 0.44591346153846156 0.11778846153846154 0.22115384615384615
2 0.125 0.07451923076923077 0.1346153846153846 0.14903846153846154
2 0.9783653846153846 0.4050480769230769 0.04326923076923077 0.1466346153846154