2 0.36658653846153844 0.28365384615384615 0.08653846153846154 0.06850961538461539
2 0.5865384615384616 0.28846153846153844 0.056490384615384616 0.07211538461538461
2 0.6850961538461539 0.2776442307692308 0.057692307692307696 0.06850961538461539
2 0.7668269230769231 0.2692307692307692 0.07451923076923077 0.08052884615384616
2 0.44711538461538464 0.3425480769230769 0.03365384615384615 0.054086538461538464
2 0.5516826923076923 0.3016826923076923 0.039663461538461536 0.0625
2 0.07451923076923077 0.3016826923076923 0.07451923076923077 0.07451923076923077
2 0.16947115384615385 0.3125 0.054086538461538464 0.06610576923076923
2 0.24639423076923078 0.265625 0.06850961538461539 0.08653846153846154
5 0.078125 0.6129807692307693 0.15504807692307693 0.6802884615384616
5 0.5997596153846154 0.5853365384615384 0.13942307692307693 0.6286057692307693
5 0.24759615384615385 0.5697115384615384 0.12139423076923077 0.6490384615384616
5 0.8329326923076923 0.5492788461538461 0.21394230769230768 0.7139423076923077
5 0.3870192307692308 0.5528846153846154 0.1346153846153846 0.5949519230769231
5 0.45913461538461536 0.5204326923076923 0.06370192307692307 0.39903846153846156
5 0.6899038461538461 0.4963942307692308 0.09254807692307693 0.47115384615384615
5 0.18269230769230768 0.5456730769230769 0.08533653846153846 0.53125
5 0.5432692307692307 0.4987980769230769 0.06370192307692307 0.4182692307692308
5 0.3245192307692308 0.44591346153846156 0.042067307692307696 0.2848557692307692
5 0.2956730769230769 0.4567307692307692 0.04807692307692308 0.28365384615384615
1 0.10216346153846154 0.90625 0.037259615384615384 0.0733173076923077