2 0.36538461538461536 0.41225961538461536 0.0889423076923077 0.09134615384615384
2 0.4579326923076923 0.36538461538461536 0.09375 0.09615384615384616
2 0.5889423076923077 0.34375 0.10576923076923077 0.10576923076923077
2 0.7019230769230769 0.3088942307692308 0.13221153846153846 0.11778846153846154
2 0.22115384615384615 0.40024038461538464 0.10576923076923077 0.0985576923076923
2 0.15384615384615385 0.5637019230769231 0.23557692307692307 0.24519230769230768
2 0.055288461538461536 0.44471153846153844 0.11057692307692307 0.14903846153846154
5 0.6899038461538461 0.7175480769230769 0.33653846153846156 0.5432692307692307
5 0.5072115384615384 0.6466346153846154 0.24278846153846154 0.65625
5 0.7680288461538461 0.6105769230769231 0.27403846153846156 0.7139423076923077
5 0.9375 0.5084134615384616 0.125 0.49278846153846156
5 0.3942307692307692 0.6430288461538461 0.2091346153846154 0.5576923076923077
5 0.265625 0.5829326923076923 0.18269230769230768 0.4495192307692308
5 0.6165865384615384 0.3858173076923077 0.1778846153846154 0.1971153846153846
5 0.18990384615384615 0.7139423076923077 0.3076923076923077 0.5721153846153846