2 0.8617788461538461 0.10817307692307693 0.10096153846153846 0.109375
2 0.22596153846153846 0.19591346153846154 0.0985576923076923 0.11658653846153846
2 0.7295673076923077 0.4639423076923077 0.07451923076923077 0.07211538461538461
2 0.49759615384615385 0.22596153846153846 0.0625 0.0625
2 0.4206730769230769 0.23677884615384615 0.056490384615384616 0.07451923076923077
2 0.3233173076923077 0.22115384615384615 0.0829326923076923 0.09134615384615384
2 0.6646634615384616 0.4375 0.06490384615384616 0.08052884615384616
2 0.042067307692307696 0.2608173076923077 0.055288461538461536 0.06610576923076923
5 0.8485576923076923 0.5132211538461539 0.23317307692307693 0.9194711538461539
5 0.06490384615384616 0.45913461538461536 0.11899038461538461 0.4807692307692308
5 0.21153846153846154 0.5084134615384616 0.17548076923076922 0.7331730769230769
5 0.5024038461538461 0.47716346153846156 0.09735576923076923 0.5721153846153846