2 0.34975961538461536 0.24639423076923078 0.0673076923076923 0.09375
2 0.4338942307692308 0.25961538461538464 0.04326923076923077 0.08052884615384616
2 0.49158653846153844 0.24879807692307693 0.04927884615384615 0.07692307692307693
5 0.6153846153846154 0.5625 0.17548076923076922 0.7115384615384616
5 0.17307692307692307 0.5733173076923077 0.18389423076923078 0.7115384615384616
5 0.3425480769230769 0.5552884615384616 0.12860576923076922 0.6862980769230769
5 0.8221153846153846 0.5564903846153846 0.16346153846153846 0.7884615384615384
5 0.49399038461538464 0.5180288461538461 0.109375 0.5853365384615384
5 0.7319711538461539 0.40024038461538464 0.054086538461538464 0.3016826923076923
5 0.43028846153846156 0.47596153846153844 0.08533653846153846 0.49038461538461536
5 0.9242788461538461 0.3425480769230769 0.02403846153846154 0.10216346153846154