2 0.5216346153846154 0.4543269230769231 0.0985576923076923 0.10817307692307693
2 0.6598557692307693 0.3701923076923077 0.10817307692307693 0.1201923076923077
2 0.7439903846153846 0.31971153846153844 0.11778846153846154 0.12740384615384615
2 0.3954326923076923 0.49038461538461536 0.10096153846153846 0.10817307692307693
2 0.4519230769230769 0.49038461538461536 0.07692307692307693 0.10336538461538461
5 0.46153846153846156 0.7139423076923077 0.3173076923076923 0.5721153846153846
5 0.5925480769230769 0.6887019230769231 0.3076923076923077 0.59375
5 0.8401442307692307 0.5637019230769231 0.31971153846153844 0.7139423076923077
5 0.7295673076923077 0.5973557692307693 0.33653846153846156 0.7043269230769231
5 0.7055288461538461 0.609375 0.4951923076923077 0.7427884615384616
5 0.5168269230769231 0.71875 0.23076923076923078 0.5625