2 0.39302884615384615 0.33774038461538464 0.11778846153846154 0.0985576923076923
2 0.7091346153846154 0.25240384615384615 0.15384615384615385 0.1622596153846154
2 0.8774038461538461 0.18509615384615385 0.13221153846153846 0.1346153846153846
2 0.6165865384615384 0.31850961538461536 0.1141826923076923 0.1201923076923077
2 0.28125 0.34375 0.10576923076923077 0.12860576923076922
2 0.15144230769230768 0.2764423076923077 0.13221153846153846 0.1502403846153846
2 0.0625 0.2644230769230769 0.12259615384615384 0.14423076923076922
5 0.7163461538461539 0.5841346153846154 0.1875 0.8317307692307693
5 0.4254807692307692 0.6418269230769231 0.15745192307692307 0.7139423076923077
5 0.07572115384615384 0.5925480769230769 0.1502403846153846 0.8149038461538461
5 0.28125 0.6370192307692307 0.15144230769230768 0.7211538461538461
5 0.17668269230769232 0.6129807692307693 0.15504807692307693 0.7728365384615384
5 0.8834134615384616 0.5432692307692307 0.2091346153846154 0.8137019230769231
5 0.6189903846153846 0.6201923076923077 0.12740384615384615 0.7043269230769231