2 0.39903846153846156 0.33413461538461536 0.1201923076923077 0.10336538461538461
2 0.7175480769230769 0.25961538461538464 0.15865384615384615 0.16826923076923078
2 0.8882211538461539 0.19831730769230768 0.13701923076923078 0.13942307692307693
2 0.6225961538461539 0.32211538461538464 0.11778846153846154 0.125
2 0.28725961538461536 0.33653846153846156 0.11057692307692307 0.13221153846153846
2 0.15985576923076922 0.2644230769230769 0.13701923076923078 0.15384615384615385
2 0.07091346153846154 0.24879807692307693 0.12740384615384615 0.14903846153846154
5 0.7115384615384616 0.5853365384615384 0.21634615384615385 0.8293269230769231
5 0.4206730769230769 0.6394230769230769 0.18269230769230768 0.71875
5 0.08052884615384616 0.578125 0.16105769230769232 0.8197115384615384
5 0.2764423076923077 0.6298076923076923 0.17548076923076922 0.7259615384615384
5 0.17307692307692307 0.6021634615384616 0.18269230769230768 0.7788461538461539
5 0.8810096153846154 0.5564903846153846 0.23798076923076922 0.8197115384615384
5 0.6141826923076923 0.6237980769230769 0.15144230769230768 0.7091346153846154