2 0.8305288461538461 0.8665865384615384 0.16346153846153846 0.21875
2 0.20432692307692307 0.6105769230769231 0.09615384615384616 0.1141826923076923
2 0.3425480769230769 0.5817307692307693 0.06610576923076923 0.0889423076923077
2 0.6586538461538461 0.6021634615384616 0.0625 0.1045673076923077
2 0.47596153846153844 0.5384615384615384 0.056490384615384616 0.11658653846153846
2 0.7247596153846154 0.5733173076923077 0.06610576923076923 0.08413461538461539
2 0.11057692307692307 0.41466346153846156 0.04447115384615385 0.04807692307692308
2 0.27884615384615385 0.41586538461538464 0.038461538461538464 0.06850961538461539
2 0.5528846153846154 0.578125 0.054086538461538464 0.07451923076923077
2 0.6790865384615384 0.6995192307692307 0.11057692307692307 0.1622596153846154
2 0.5192307692307693 0.5252403846153846 0.057692307692307696 0.07211538461538461
2 0.1814903846153846 0.4074519230769231 0.036057692307692304 0.038461538461538464
2 0.36538461538461536 0.375 0.021634615384615384 0.042067307692307696
5 0.20432692307692307 0.7752403846153846 0.23076923076923078 0.4495192307692308
5 0.11057692307692307 0.5144230769230769 0.0985576923076923 0.25841346153846156
5 0.2704326923076923 0.5192307692307693 0.0985576923076923 0.2980769230769231
5 0.1875 0.4675480769230769 0.07091346153846154 0.20552884615384615
5 0.3737980769230769 0.453125 0.06009615384615385 0.21514423076923078
5 0.6165865384615384 0.11778846153846154 0.04326923076923077 0.11177884615384616