2 0.32572115384615385 0.5 0.052884615384615384 0.06009615384615385
2 0.5036057692307693 0.48677884615384615 0.0625 0.07091346153846154
2 0.7824519230769231 0.5228365384615384 0.05048076923076923 0.0673076923076923
2 0.8545673076923077 0.5192307692307693 0.05048076923076923 0.0673076923076923
5 0.40625 0.6466346153846154 0.06610576923076923 0.3112980769230769
5 0.234375 0.703125 0.0733173076923077 0.5132211538461539
5 0.78125 0.6826923076923077 0.09375 0.3641826923076923
5 0.33052884615384615 0.7103365384615384 0.06490384615384616 0.46033653846153844
5 0.8497596153846154 0.6754807692307693 0.07572115384615384 0.3425480769230769
5 0.5048076923076923 0.7175480769230769 0.08533653846153846 0.4987980769230769
5 0.5793269230769231 0.7163461538461539 0.10216346153846154 0.5588942307692307
5 0.021634615384615384 0.6045673076923077 0.04326923076923077 0.2668269230769231
5 0.7127403846153846 0.6538461538461539 0.04927884615384615 0.27403846153846156
5 0.6622596153846154 0.6778846153846154 0.06490384615384616 0.33052884615384615
5 0.46875 0.6862980769230769 0.040865384615384616 0.41225961538461536
5 0.29086538461538464 0.6754807692307693 0.054086538461538464 0.3701923076923077
5 0.6802884615384616 0.6887019230769231 0.04447115384615385 0.33774038461538464
5 0.18870192307692307 0.6009615384615384 0.04326923076923077 0.22716346153846154
5 0.6478365384615384 0.6153846153846154 0.037259615384615384 0.1935096153846154