2 0.234375 0.1201923076923077 0.0889423076923077 0.11538461538461539
2 0.3557692307692308 0.10817307692307693 0.10096153846153846 0.125
2 0.4735576923076923 0.15264423076923078 0.08653846153846154 0.10817307692307693
2 0.6237980769230769 0.18389423076923078 0.09615384615384616 0.10096153846153846
2 0.7680288461538461 0.20072115384615385 0.10336538461538461 0.10817307692307693
2 0.8257211538461539 0.3918269230769231 0.1201923076923077 0.13701923076923078
5 0.20072115384615385 0.4855769230769231 0.24519230769230768 0.8269230769230769
5 0.08052884615384616 0.1622596153846154 0.13221153846153846 0.3245192307692308
5 0.33052884615384615 0.41466346153846156 0.18509615384615385 0.7091346153846154
5 0.42788461538461536 0.5036057692307693 0.2283653846153846 0.7980769230769231
5 0.7211538461538461 0.5733173076923077 0.27403846153846156 0.8533653846153846
5 0.5901442307692307 0.5420673076923077 0.22596153846153846 0.8076923076923077
5 0.8425480769230769 0.6634615384615384 0.24278846153846154 0.6730769230769231