2 0.3954326923076923 0.5564903846153846 0.038461538461538464 0.05048076923076923
2 0.2764423076923077 0.7103365384615384 0.0625 0.08052884615384616
2 0.09975961538461539 0.7367788461538461 0.051682692307692304 0.12259615384615384
2 0.421875 0.6862980769230769 0.027644230769230768 0.05048076923076923
2 0.7175480769230769 0.5721153846153846 0.04567307692307692 0.056490384615384616
5 0.16706730769230768 0.8473557692307693 0.17067307692307693 0.2824519230769231
5 0.28846153846153844 0.828125 0.09735576923076923 0.27884615384615385
5 0.39903846153846156 0.7463942307692307 0.07091346153846154 0.15144230769230768
5 0.7103365384615384 0.6790865384615384 0.07692307692307693 0.25
5 0.3870192307692308 0.6213942307692307 0.07572115384615384 0.1875
5 0.7740384615384616 0.4735576923076923 0.0829326923076923 0.19110576923076922