2 0.10096153846153846 0.3401442307692308 0.11057692307692307 0.09375
2 0.4543269230769231 0.36778846153846156 0.07572115384615384 0.08052884615384616
2 0.7295673076923077 0.39783653846153844 0.07572115384615384 0.08052884615384616
2 0.2439903846153846 0.4014423076923077 0.056490384615384616 0.06610576923076923
5 0.9399038461538461 0.6670673076923077 0.109375 0.6574519230769231
5 0.31009615384615385 0.6478365384615384 0.15504807692307693 0.5745192307692307
5 0.7127403846153846 0.6298076923076923 0.12139423076923077 0.5348557692307693
5 0.625 0.6009615384615384 0.1201923076923077 0.5637019230769231
5 0.8389423076923077 0.6418269230769231 0.14543269230769232 0.6478365384615384
5 0.5432692307692307 0.6298076923076923 0.1658653846153846 0.6213942307692307
5 0.44591346153846156 0.6117788461538461 0.09495192307692307 0.5168269230769231
5 0.07932692307692307 0.65625 0.11057692307692307 0.6875
5 0.40625 0.5192307692307693 0.04927884615384615 0.26802884615384615
5 0.02403846153846154 0.6502403846153846 0.04807692307692308 0.6394230769230769
5 0.14423076923076922 0.5709134615384616 0.0673076923076923 0.4014423076923077
5 0.1935096153846154 0.5697115384615384 0.0733173076923077 0.34375
5 0.28966346153846156 0.41466346153846156 0.04807692307692308 0.08173076923076923
5 0.24639423076923078 0.6189903846153846 0.0733173076923077 0.49158653846153844
5 0.9086538461538461 0.6298076923076923 0.07451923076923077 0.5600961538461539