2 0.6514423076923077 0.8377403846153846 0.04567307692307692 0.06009615384615385
2 0.40625 0.4831730769230769 0.04567307692307692 0.057692307692307696
2 0.06129807692307692 0.4567307692307692 0.05048076923076923 0.06971153846153846
2 0.23918269230769232 0.38461538461538464 0.05048076923076923 0.07211538461538461
2 0.6069711538461539 0.7668269230769231 0.05048076923076923 0.0625
2 0.7980769230769231 0.8617788461538461 0.04326923076923077 0.055288461538461536
2 0.5108173076923077 0.7199519230769231 0.036057692307692304 0.04567307692307692
2 0.734375 0.43149038461538464 0.04326923076923077 0.057692307692307696
2 0.9170673076923077 0.4050480769230769 0.05048076923076923 0.06971153846153846
2 0.6899038461538461 0.43149038461538464 0.040865384615384616 0.06009615384615385
2 0.6237980769230769 0.40384615384615385 0.040865384615384616 0.06490384615384616
2 0.3942307692307692 0.3629807692307692 0.036057692307692304 0.057692307692307696
5 0.9002403846153846 0.5288461538461539 0.13701923076923078 0.34615384615384615
5 0.7788461538461539 0.90625 0.16346153846153846 0.1875
5 0.6418269230769231 0.9014423076923077 0.125 0.1971153846153846
5 0.5685096153846154 0.859375 0.12740384615384615 0.28125
5 0.4891826923076923 0.8329326923076923 0.14903846153846154 0.2980769230769231
5 0.09615384615384616 0.5492788461538461 0.19230769230769232 0.31971153846153844
5 0.2668269230769231 0.4795673076923077 0.16826923076923078 0.27163461538461536
5 0.4206730769230769 0.5396634615384616 0.125 0.19951923076923078
5 0.7451923076923077 0.5408653846153846 0.1466346153846154 0.30288461538461536