2 0.7175480769230769 0.3870192307692308 0.055288461538461536 0.06009615384615385
2 0.16105769230769232 0.4182692307692308 0.05048076923076923 0.052884615384615384
2 0.4362980769230769 0.3942307692307692 0.05048076923076923 0.0625
2 0.2860576923076923 0.4254807692307692 0.036057692307692304 0.040865384615384616
2 0.3641826923076923 0.40384615384615385 0.04567307692307692 0.04567307692307692
2 0.4987980769230769 0.39783653846153844 0.04807692307692308 0.055288461538461536
2 0.021634615384615384 0.3605769230769231 0.04326923076923077 0.21153846153846154
2 0.5492788461538461 0.4266826923076923 0.04326923076923077 0.052884615384615384
2 0.6286057692307693 0.42427884615384615 0.04567307692307692 0.055288461538461536
2 0.6838942307692307 0.4182692307692308 0.040865384615384616 0.04567307692307692
2 0.8689903846153846 0.3605769230769231 0.055288461538461536 0.057692307692307696
5 0.16706730769230768 0.5985576923076923 0.15384615384615385 0.40384615384615385
5 0.2932692307692308 0.5637019230769231 0.0985576923076923 0.33653846153846156
5 0.8834134615384616 0.5408653846153846 0.1346153846153846 0.4206730769230769
5 0.7427884615384616 0.5901442307692307 0.14903846153846154 0.4735576923076923
5 0.5180288461538461 0.5721153846153846 0.12259615384615384 0.4423076923076923
5 0.42788461538461536 0.5709134615384616 0.1201923076923077 0.4543269230769231
5 0.36538461538461536 0.5685096153846154 0.09615384615384616 0.3701923076923077