2 0.2247596153846154 0.19230769230769232 0.0985576923076923 0.10216346153846154
2 0.31971153846153844 0.21634615384615385 0.07211538461538461 0.10216346153846154
2 0.7307692307692307 0.22235576923076922 0.08533653846153846 0.09615384615384616
2 0.6322115384615384 0.19591346153846154 0.1045673076923077 0.11899038461538461
2 0.3954326923076923 0.27283653846153844 0.11177884615384616 0.10697115384615384
2 0.7728365384615384 0.14182692307692307 0.055288461538461536 0.07932692307692307
2 0.9026442307692307 0.13581730769230768 0.18269230769230768 0.24759615384615385
5 0.203125 0.5709134615384616 0.14423076923076922 0.8581730769230769
5 0.8882211538461539 0.5 0.22355769230769232 1
5 0.6814903846153846 0.4362980769230769 0.2776442307692308 0.5949519230769231
5 0.3581730769230769 0.6045673076923077 0.22355769230769232 0.7896634615384616