2 0.17668269230769232 0.22956730769230768 0.16346153846153846 0.14423076923076922
2 0.9483173076923077 0.3918269230769231 0.10336538461538461 0.15384615384615385
2 0.6502403846153846 0.27283653846153844 0.14423076923076922 0.12259615384615384
2 0.8341346153846154 0.2956730769230769 0.125 0.11778846153846154
2 0.48197115384615385 0.33533653846153844 0.07211538461538461 0.08173076923076923
2 0.5372596153846154 0.35216346153846156 0.07211538461538461 0.09134615384615384
2 0.3918269230769231 0.3173076923076923 0.10336538461538461 0.14182692307692307
5 0.6502403846153846 0.6129807692307693 0.2620192307692308 0.7740384615384616
5 0.3293269230769231 0.6310096153846154 0.21875 0.7355769230769231
5 0.8401442307692307 0.6237980769230769 0.22355769230769232 0.7524038461538461
5 0.1346153846153846 0.578125 0.2692307692307692 0.8341346153846154
5 0.5444711538461539 0.3858173076923077 0.08173076923076923 0.125
5 0.9362980769230769 0.6538461538461539 0.12259615384615384 0.6923076923076923
5 0.4795673076923077 0.640625 0.16105769230769232 0.6995192307692307