1 0.890625 0.9050480769230769 0.04567307692307692 0.06490384615384616
1 0.84375 0.8966346153846154 0.052884615384615384 0.0673076923076923
1 0.7271634615384616 0.9002403846153846 0.055288461538461536 0.05048076923076923
1 0.7788461538461539 0.9050480769230769 0.04326923076923077 0.055288461538461536
1 0.6706730769230769 0.9134615384615384 0.040865384615384616 0.04807692307692308
1 0.6274038461538461 0.9146634615384616 0.04807692307692308 0.06009615384615385
1 0.5877403846153846 0.9182692307692307 0.052884615384615384 0.0625
1 0.5408653846153846 0.921875 0.04807692307692308 0.06009615384615385
1 0.5072115384615384 0.9098557692307693 0.05048076923076923 0.05048076923076923
1 0.4735576923076923 0.9278846153846154 0.04326923076923077 0.057692307692307696
1 0.4014423076923077 0.9266826923076923 0.038461538461538464 0.0625
1 0.4387019230769231 0.9158653846153846 0.04326923076923077 0.07692307692307693
1 0.2091346153846154 0.9411057692307693 0.04567307692307692 0.055288461538461536
1 0.17307692307692307 0.9459134615384616 0.04567307692307692 0.06490384615384616
6 0.24158653846153846 0.4579326923076923 0.04807692307692308 0.040865384615384616
8 0.5288461538461539 0.47115384615384615 0.052884615384615384 0.03125
8 0.7019230769230769 0.4254807692307692 0.04567307692307692 0.03365384615384615
6 0.44350961538461536 0.46875 0.040865384615384616 0.03125
6 0.15504807692307693 0.49038461538461536 0.038461538461538464 0.03365384615384615
6 0.08413461538461539 0.5168269230769231 0.04567307692307692 0.036057692307692304
8 0.9122596153846154 0.42788461538461536 0.04326923076923077 0.03125
8 0.8149038461538461 0.4254807692307692 0.05048076923076923 0.03365384615384615