2 0.6550480769230769 0.7451923076923077 0.054086538461538464 0.07572115384615384
2 0.7139423076923077 0.8100961538461539 0.039663461538461536 0.06009615384615385
2 0.8521634615384616 0.8052884615384616 0.056490384615384616 0.051682692307692304
2 0.8966346153846154 0.3245192307692308 0.038461538461538464 0.06370192307692307
2 0.71875 0.3942307692307692 0.03365384615384615 0.06971153846153846
2 0.6814903846153846 0.39903846153846156 0.036057692307692304 0.07211538461538461
2 0.6081730769230769 0.3786057692307692 0.027644230769230768 0.06370192307692307
2 0.6334134615384616 0.34615384615384615 0.027644230769230768 0.051682692307692304
2 0.5540865384615384 0.7103365384615384 0.04447115384615385 0.04807692307692308
2 0.4074519230769231 0.5012019230769231 0.04567307692307692 0.06610576923076923
2 0.3737980769230769 0.3762019230769231 0.027644230769230768 0.06370192307692307
2 0.21995192307692307 0.4338942307692308 0.051682692307692304 0.06971153846153846
2 0.05889423076923077 0.5252403846153846 0.03365384615384615 0.07211538461538461
5 0.7007211538461539 0.8930288461538461 0.09615384615384616 0.2127403846153846
5 0.5516826923076923 0.8473557692307693 0.08173076923076923 0.30288461538461536
5 0.6334134615384616 0.8617788461538461 0.07932692307692307 0.2764423076923077
5 0.9002403846153846 0.4639423076923077 0.052884615384615384 0.3125
5 0.75 0.4543269230769231 0.08774038461538461 0.1658653846153846
5 0.10096153846153846 0.6237980769230769 0.13221153846153846 0.2704326923076923
5 0.6394230769230769 0.42788461538461536 0.040865384615384616 0.1971153846153846
5 0.8617788461538461 0.8894230769230769 0.06971153846153846 0.21995192307692307
5 0.07692307692307693 0.34134615384615385 0.026442307692307692 0.09254807692307693
5 0.38461538461538464 0.48677884615384615 0.07932692307692307 0.25
5 0.6045673076923077 0.44471153846153844 0.042067307692307696 0.16826923076923078
5 0.19471153846153846 0.37740384615384615 0.03245192307692308 0.11658653846153846
5 0.1346153846153846 0.3389423076923077 0.046875 0.10216346153846154
5 0.2608173076923077 0.5168269230769231 0.11538461538461539 0.22355769230769232
5 0.3545673076923077 0.4423076923076923 0.039663461538461536 0.19230769230769232
5 0.04807692307692308 0.359375 0.028846153846153848 0.052884615384615384
5 0.9266826923076923 0.32572115384615385 0.026442307692307692 0.0673076923076923
5 0.6730769230769231 0.42908653846153844 0.04447115384615385 0.1971153846153846
5 0.4423076923076923 0.5637019230769231 0.055288461538461536 0.17307692307692307
5 0.006009615384615385 0.32211538461538464 0.01201923076923077 0.07572115384615384