2 0.46033653846153844 0.13221153846153846 0.13581730769230768 0.11778846153846154
2 0.3112980769230769 0.22355769230769232 0.12259615384615384 0.1141826923076923
2 0.8665865384615384 0.22596153846153846 0.12740384615384615 0.10096153846153846
5 0.8521634615384616 0.5961538461538461 0.2956730769230769 0.8076923076923077
5 0.23677884615384615 0.59375 0.28725961538461536 0.8125
5 0.5036057692307693 0.5420673076923077 0.30528846153846156 0.9098557692307693
5 0.5985576923076923 0.5973557692307693 0.13221153846153846 0.7560096153846154
5 0.7247596153846154 0.4014423076923077 0.09254807692307693 0.21394230769230768
5 0.9783653846153846 0.4362980769230769 0.04326923076923077 0.2764423076923077
5 0.796875 0.34375 0.06370192307692307 0.10817307692307693
5 0.6766826923076923 0.3786057692307692 0.06129807692307692 0.16346153846153846
5 0.6754807692307693 0.46634615384615385 0.06009615384615385 0.328125