2 0.43509615384615385 0.13581730769230768 0.14423076923076922 0.12740384615384615
2 0.2920673076923077 0.23798076923076922 0.12980769230769232 0.12259615384615384
2 0.8461538461538461 0.20072115384615385 0.1346153846153846 0.11057692307692307
5 0.8413461538461539 0.5697115384615384 0.3173076923076923 0.8269230769230769
5 0.2439903846153846 0.5973557692307693 0.34375 0.8052884615384616
5 0.5060096153846154 0.5384615384615384 0.36778846153846156 0.9230769230769231
5 0.6045673076923077 0.5901442307692307 0.18509615384615385 0.7644230769230769
5 0.7175480769230769 0.3858173076923077 0.10817307692307693 0.21875
5 0.9699519230769231 0.4014423076923077 0.06009615384615385 0.27884615384615385
5 0.7848557692307693 0.3233173076923077 0.07211538461538461 0.11298076923076923
5 0.6682692307692307 0.36658653846153844 0.07211538461538461 0.16826923076923078
5 0.6730769230769231 0.4543269230769231 0.08173076923076923 0.3317307692307692