2 0.1201923076923077 0.32572115384615385 0.19471153846153846 0.1971153846153846
2 0.43509615384615385 0.34375 0.08653846153846154 0.09375
2 0.5901442307692307 0.2439903846153846 0.14182692307692307 0.13942307692307693
2 0.34615384615384615 0.3557692307692308 0.13701923076923078 0.16105769230769232
2 0.4987980769230769 0.3449519230769231 0.07211538461538461 0.07932692307692307
2 0.7644230769230769 0.21754807692307693 0.1466346153846154 0.14903846153846154
2 0.9026442307692307 0.2764423076923077 0.14423076923076922 0.17307692307692307
5 0.18870192307692307 0.6129807692307693 0.37740384615384615 0.7740384615384616
5 0.38822115384615385 0.6334134615384616 0.36778846153846156 0.7331730769230769
5 0.6766826923076923 0.5637019230769231 0.3918269230769231 0.8173076923076923
5 0.9122596153846154 0.5192307692307693 0.17548076923076922 0.7403846153846154
5 0.828125 0.5180288461538461 0.34375 0.8004807692307693