2 0.6754807692307693 0.7307692307692307 0.06009615384615385 0.07932692307692307
2 0.7403846153846154 0.7908653846153846 0.04567307692307692 0.0625
2 0.8774038461538461 0.7728365384615384 0.06009615384615385 0.055288461538461536
2 0.8798076923076923 0.29086538461538464 0.04326923076923077 0.0673076923076923
2 0.7091346153846154 0.375 0.038461538461538464 0.07211538461538461
2 0.671875 0.38341346153846156 0.04326923076923077 0.07451923076923077
2 0.5973557692307693 0.3701923076923077 0.03365384615384615 0.06490384615384616
2 0.6189903846153846 0.33533653846153844 0.03125 0.052884615384615384
2 0.5721153846153846 0.7043269230769231 0.04807692307692308 0.052884615384615384
2 0.4074519230769231 0.5096153846153846 0.05048076923076923 0.06971153846153846
2 0.3629807692307692 0.38822115384615385 0.03365384615384615 0.06490384615384616
2 0.21514423076923078 0.45913461538461536 0.057692307692307696 0.07451923076923077
2 0.0625 0.5637019230769231 0.040865384615384616 0.07451923076923077
5 0.734375 0.8737980769230769 0.11538461538461539 0.22115384615384615
5 0.5817307692307693 0.8413461538461539 0.10817307692307693 0.3076923076923077
5 0.6646634615384616 0.8485576923076923 0.10336538461538461 0.28125
5 0.8954326923076923 0.42908653846153844 0.07932692307692307 0.31490384615384615
5 0.7451923076923077 0.4326923076923077 0.10096153846153846 0.17307692307692307
5 0.11298076923076923 0.6586538461538461 0.15625 0.28125
5 0.6322115384615384 0.41586538461538464 0.057692307692307696 0.19951923076923078
5 0.8942307692307693 0.8569711538461539 0.0889423076923077 0.22596153846153846
5 0.06490384615384616 0.3786057692307692 0.03365384615384615 0.09375
5 0.38341346153846156 0.4963942307692308 0.10096153846153846 0.2548076923076923
5 0.5997596153846154 0.4362980769230769 0.057692307692307696 0.17067307692307693
5 0.18509615384615385 0.4050480769230769 0.04326923076923077 0.11778846153846154
5 0.12139423076923077 0.3713942307692308 0.055288461538461536 0.10576923076923077
5 0.26322115384615385 0.5372596153846154 0.1346153846153846 0.23317307692307693
5 0.34975961538461536 0.45552884615384615 0.055288461538461536 0.19471153846153846
5 0.037259615384615384 0.39903846153846156 0.03365384615384615 0.055288461538461536
5 0.9098557692307693 0.28966346153846156 0.03125 0.06971153846153846
5 0.6658653846153846 0.41466346153846156 0.0625 0.19951923076923078
5 0.4483173076923077 0.5685096153846154 0.06971153846153846 0.1778846153846154