2 0.1935096153846154 0.22235576923076922 0.10817307692307693 0.11298076923076923
2 0.29086538461538464 0.23677884615384615 0.08173076923076923 0.10817307692307693
2 0.7007211538461539 0.19951923076923078 0.09375 0.10336538461538461
2 0.5997596153846154 0.18389423076923078 0.11538461538461539 0.12980769230769232
2 0.37259615384615385 0.2848557692307692 0.12259615384615384 0.11778846153846154
2 0.734375 0.11538461538461539 0.0625 0.08413461538461539
2 0.8605769230769231 0.1141826923076923 0.20673076923076922 0.2283653846153846
5 0.2127403846153846 0.5829326923076923 0.23317307692307693 0.8341346153846154
5 0.8605769230769231 0.4831730769230769 0.27884615384615385 0.9663461538461539
5 0.6742788461538461 0.4182692307692308 0.3389423076923077 0.6201923076923077
5 0.36899038461538464 0.6069711538461539 0.30528846153846156 0.7860576923076923