2 0.3545673076923077 0.2620192307692308 0.06129807692307692 0.09615384615384616
2 0.6274038461538461 0.27283653846153844 0.07451923076923077 0.1201923076923077
2 0.125 0.1814903846153846 0.06129807692307692 0.09615384615384616
2 0.8882211538461539 0.18389423076923078 0.09975961538461539 0.13341346153846154
2 0.22235576923076922 0.2127403846153846 0.040865384615384616 0.0733173076923077
5 0.8786057692307693 0.5733173076923077 0.2127403846153846 0.8533653846153846
5 0.11778846153846154 0.4375 0.10216346153846154 0.5769230769230769
5 0.0625 0.3245192307692308 0.04567307692307692 0.27403846153846156
5 0.23557692307692307 0.29927884615384615 0.05048076923076923 0.20793269230769232
5 0.6298076923076923 0.5949519230769231 0.19110576923076922 0.7668269230769231
5 0.006009615384615385 0.33052884615384615 0.01201923076923077 0.25721153846153844
5 0.1778846153846154 0.31850961538461536 0.042067307692307696 0.17668269230769232
4 0.12740384615384615 0.2091346153846154 0.039663461538461536 0.026442307692307692
4 0.3581730769230769 0.3004807692307692 0.042067307692307696 0.040865384615384616