1 0.8533653846153846 0.9375 0.040865384615384616 0.06129807692307692
1 0.8076923076923077 0.9254807692307693 0.04807692307692308 0.0625
1 0.6911057692307693 0.9182692307692307 0.051682692307692304 0.046875
1 0.7427884615384616 0.9278846153846154 0.039663461538461536 0.052884615384615384
1 0.6334134615384616 0.9266826923076923 0.037259615384615384 0.04567307692307692
1 0.5913461538461539 0.9242788461538461 0.042067307692307696 0.057692307692307696
1 0.5504807692307693 0.9242788461538461 0.04807692307692308 0.057692307692307696
1 0.5036057692307693 0.9242788461538461 0.042067307692307696 0.057692307692307696
1 0.47115384615384615 0.9086538461538461 0.046875 0.046875
1 0.4362980769230769 0.9242788461538461 0.038461538461538464 0.054086538461538464
1 0.3641826923076923 0.9158653846153846 0.03245192307692308 0.06009615384615385
1 0.4026442307692308 0.9086538461538461 0.037259615384615384 0.07451923076923077
1 0.171875 0.9146634615384616 0.040865384615384616 0.052884615384615384
1 0.13581730769230768 0.9158653846153846 0.040865384615384616 0.0625
6 0.24639423076923078 0.43509615384615385 0.04567307692307692 0.036057692307692304
8 0.53125 0.4735576923076923 0.05048076923076923 0.027644230769230768
8 0.7079326923076923 0.44350961538461536 0.042067307692307696 0.030048076923076924
6 0.44591346153846156 0.4639423076923077 0.039663461538461536 0.028846153846153848
6 0.15745192307692307 0.46033653846153844 0.036057692307692304 0.030048076923076924
6 0.08413461538461539 0.4807692307692308 0.04326923076923077 0.03125
8 0.9170673076923077 0.4639423076923077 0.042067307692307696 0.027644230769230768
8 0.8197115384615384 0.453125 0.04807692307692308 0.028846153846153848