2 0.171875 0.23557692307692307 0.15985576923076922 0.140625
2 0.9471153846153846 0.38341346153846156 0.10216346153846154 0.15264423076923078
2 0.6466346153846154 0.2704326923076923 0.14182692307692307 0.1201923076923077
2 0.8305288461538461 0.28966346153846156 0.12259615384615384 0.11658653846153846
2 0.4795673076923077 0.33533653846153844 0.06971153846153846 0.08052884615384616
2 0.5348557692307693 0.35096153846153844 0.06971153846153846 0.09014423076923077
2 0.38822115384615385 0.31971153846153844 0.09975961538461539 0.140625
5 0.6526442307692307 0.6129807692307693 0.24759615384615385 0.7740384615384616
5 0.3317307692307692 0.6334134615384616 0.20673076923076922 0.7331730769230769
5 0.8425480769230769 0.6213942307692307 0.21033653846153846 0.7572115384615384
5 0.13221153846153846 0.5853365384615384 0.2644230769230769 0.8293269230769231
5 0.5420673076923077 0.38461538461538464 0.07932692307692307 0.12379807692307693
5 0.9387019230769231 0.6478365384615384 0.11057692307692307 0.6935096153846154
5 0.48197115384615385 0.640625 0.14783653846153846 0.6959134615384616