2 0.4074519230769231 0.23677884615384615 0.07932692307692307 0.10576923076923077
2 0.671875 0.30408653846153844 0.0985576923076923 0.13221153846153846
2 0.19951923076923078 0.11057692307692307 0.07932692307692307 0.10576923076923077
2 0.9411057692307693 0.2704326923076923 0.11778846153846154 0.15144230769230768
2 0.28846153846153844 0.16105769230769232 0.055288461538461536 0.07932692307692307
5 0.8305288461538461 0.6045673076923077 0.3389423076923077 0.7908653846153846
5 0.13942307692307693 0.359375 0.21875 0.5865384615384616
5 0.10817307692307693 0.23798076923076922 0.10096153846153846 0.2764423076923077
5 0.28365384615384615 0.24879807692307693 0.09375 0.21394230769230768
5 0.6057692307692307 0.6117788461538461 0.34615384615384615 0.7764423076923077
5 0.051682692307692304 0.23197115384615385 0.06490384615384616 0.2548076923076923
5 0.22235576923076922 0.25600961538461536 0.07692307692307693 0.18269230769230768
4 0.19591346153846154 0.13822115384615385 0.04326923076923077 0.03365384615384615
4 0.4026442307692308 0.27524038461538464 0.05048076923076923 0.04807692307692308