2 0.7079326923076923 0.8064903846153846 0.037259615384615384 0.054086538461538464
2 0.4050480769230769 0.5 0.038461538461538464 0.051682692307692304
2 0.06009615384615385 0.5336538461538461 0.039663461538461536 0.06370192307692307
2 0.22355769230769232 0.43149038461538464 0.038461538461538464 0.06610576923076923
2 0.6514423076923077 0.7439903846153846 0.040865384615384616 0.056490384615384616
2 0.8557692307692307 0.8040865384615384 0.036057692307692304 0.04927884615384615
2 0.5492788461538461 0.7151442307692307 0.028846153846153848 0.040865384615384616
2 0.71875 0.3918269230769231 0.03365384615384615 0.051682692307692304
2 0.8942307692307693 0.33413461538461536 0.039663461538461536 0.06370192307692307
2 0.6754807692307693 0.39903846153846156 0.03245192307692308 0.054086538461538464
2 0.6045673076923077 0.38341346153846156 0.030048076923076924 0.06009615384615385
2 0.37259615384615385 0.38341346153846156 0.027644230769230768 0.054086538461538464
5 0.8990384615384616 0.45913461538461536 0.08052884615384616 0.33653846153846156
5 0.8509615384615384 0.8834134615384616 0.125 0.23317307692307693
5 0.7139423076923077 0.8894230769230769 0.0889423076923077 0.22115384615384615
5 0.6322115384615384 0.8533653846153846 0.078125 0.2932692307692308
5 0.546875 0.8293269230769231 0.10096153846153846 0.2848557692307692
5 0.1045673076923077 0.6213942307692307 0.16105769230769232 0.2956730769230769
5 0.2668269230769231 0.5204326923076923 0.12620192307692307 0.2536057692307692
5 0.42908653846153844 0.5528846153846154 0.09495192307692307 0.18509615384615385
5 0.7487980769230769 0.49759615384615385 0.09735576923076923 0.29086538461538464