2 0.8473557692307693 0.6430288461538461 0.054086538461538464 0.0673076923076923
2 0.056490384615384616 0.6370192307692307 0.055288461538461536 0.052884615384615384
2 0.09254807692307693 0.5588942307692307 0.03365384615384615 0.037259615384615384
2 0.125 0.6334134615384616 0.04326923076923077 0.046875
2 0.2127403846153846 0.6466346153846154 0.042067307692307696 0.04927884615384615
2 0.16466346153846154 0.5552884615384616 0.03365384615384615 0.03125
2 0.22596153846153846 0.5793269230769231 0.03245192307692308 0.04807692307692308
2 0.5564903846153846 0.41225961538461536 0.040865384615384616 0.052884615384615384
5 0.057692307692307696 0.8052884615384616 0.09615384615384616 0.3894230769230769
5 0.8737980769230769 0.7944711538461539 0.14783653846153846 0.4098557692307692
5 0.5324519230769231 0.53125 0.08173076923076923 0.35336538461538464
5 0.6045673076923077 0.5456730769230769 0.0829326923076923 0.3629807692307692
5 0.22716346153846154 0.75 0.08774038461538461 0.2536057692307692