2 0.49158653846153844 0.3942307692307692 0.06009615384615385 0.078125
2 0.6358173076923077 0.36538461538461536 0.06009615384615385 0.078125
2 0.27403846153846156 0.41346153846153844 0.06009615384615385 0.078125
2 0.3858173076923077 0.38341346153846156 0.06009615384615385 0.078125
2 0.7704326923076923 0.3485576923076923 0.06009615384615385 0.078125
5 0.5108173076923077 0.6189903846153846 0.12980769230769232 0.5132211538461539
5 0.6658653846153846 0.6081730769230769 0.1346153846153846 0.5528846153846154
5 0.29447115384615385 0.6490384615384616 0.140625 0.5288461538461539
5 0.7860576923076923 0.6129807692307693 0.1466346153846154 0.5901442307692307
5 0.4110576923076923 0.6225961538461539 0.12860576923076922 0.5252403846153846
5 0.13942307692307693 0.546875 0.03365384615384615 0.12980769230769232