2 0.4855769230769231 0.3245192307692308 0.09615384615384616 0.12139423076923077
2 0.7668269230769231 0.26802884615384615 0.11778846153846154 0.11538461538461539
2 0.33052884615384615 0.25841346153846156 0.11177884615384616 0.13341346153846154
2 0.25240384615384615 0.21875 0.11177884615384616 0.13581730769230768
2 0.8713942307692307 0.25600961538461536 0.11778846153846154 0.11538461538461539
5 0.7872596153846154 0.5973557692307693 0.17307692307692307 0.7752403846153846
5 0.8846153846153846 0.5913461538461539 0.13221153846153846 0.7692307692307693
5 0.9747596153846154 0.5829326923076923 0.04927884615384615 0.16826923076923078
5 0.6466346153846154 0.5060096153846154 0.03125 0.07211538461538461
5 0.47475961538461536 0.6370192307692307 0.18629807692307693 0.7247596153846154
5 0.23798076923076922 0.5661057692307693 0.20192307692307693 0.8677884615384616
5 0.33052884615384615 0.5997596153846154 0.12259615384615384 0.8004807692307693
5 0.1201923076923077 0.6069711538461539 0.1778846153846154 0.7848557692307693