2 0.14302884615384615 0.2608173076923077 0.12740384615384615 0.11538461538461539
2 0.4831730769230769 0.36177884615384615 0.09134615384615384 0.09375
2 0.7451923076923077 0.4483173076923077 0.09134615384615384 0.09375
2 0.2704326923076923 0.35096153846153844 0.06971153846153846 0.07692307692307693
5 0.8870192307692307 0.7103365384615384 0.22596153846153846 0.5793269230769231
5 0.28365384615384615 0.6045673076923077 0.27163461538461536 0.59375
5 0.6814903846153846 0.6706730769230769 0.23076923076923078 0.5480769230769231
5 0.6009615384615384 0.625 0.23557692307692307 0.5769230769230769
5 0.8016826923076923 0.6887019230769231 0.2764423076923077 0.6225961538461539
5 0.515625 0.6358173076923077 0.29086538461538464 0.6418269230769231
5 0.42427884615384615 0.5985576923076923 0.19951923076923078 0.5264423076923077
5 0.09014423076923077 0.5637019230769231 0.18028846153846154 0.6947115384615384
5 0.40384615384615385 0.4987980769230769 0.10336538461538461 0.27163461538461536
5 0.046875 0.5480769230769231 0.09375 0.6346153846153846
5 0.13701923076923078 0.4951923076923077 0.14903846153846154 0.40625
5 0.18629807692307693 0.5048076923076923 0.14423076923076922 0.35096153846153844
5 0.3125 0.37259615384615385 0.06490384615384616 0.0889423076923077
5 0.22716346153846154 0.5637019230769231 0.17307692307692307 0.4951923076923077
5 0.8725961538461539 0.7115384615384616 0.18990384615384615 0.5625