2 0.359375 0.4338942307692308 0.07451923076923077 0.08052884615384616
2 0.8088942307692307 0.46153846153846156 0.07451923076923077 0.08052884615384616
2 0.26322115384615385 0.4807692307692308 0.07451923076923077 0.08052884615384616
5 0.8016826923076923 0.6935096153846154 0.25961538461538464 0.4495192307692308
5 0.375 0.6526442307692307 0.18389423076923078 0.48677884615384615
5 0.21153846153846154 0.6862980769230769 0.15264423076923078 0.4579326923076923
5 0.5853365384615384 0.359375 0.09375 0.21394230769230768
1 0.37259615384615385 0.8713942307692307 0.0625 0.04567307692307692
1 0.32572115384615385 0.875 0.054086538461538464 0.038461538461538464
1 0.16105769230769232 0.8713942307692307 0.054086538461538464 0.042067307692307696
1 0.6983173076923077 0.8641826923076923 0.0829326923076923 0.054086538461538464
10 0.34375 0.5673076923076923 0.11298076923076923 0.171875
10 0.8257211538461539 0.5949519230769231 0.15264423076923078 0.1622596153846154
10 0.22115384615384615 0.6033653846153846 0.07211538461538461 0.11778846153846154