2 0.7247596153846154 0.4026442307692308 0.051682692307692304 0.056490384615384616
2 0.16706730769230768 0.3942307692307692 0.04807692307692308 0.05048076923076923
2 0.44350961538461536 0.3894230769230769 0.046875 0.05889423076923077
2 0.2920673076923077 0.4110576923076923 0.03245192307692308 0.038461538461538464
2 0.3713942307692308 0.3942307692307692 0.04326923076923077 0.042067307692307696
2 0.5060096153846154 0.39783653846153844 0.04447115384615385 0.052884615384615384
2 0.025240384615384616 0.328125 0.04567307692307692 0.20793269230769232
2 0.5540865384615384 0.43028846153846156 0.039663461538461536 0.05048076923076923
2 0.6334134615384616 0.4338942307692308 0.04326923076923077 0.051682692307692304
2 0.6887019230769231 0.43149038461538464 0.037259615384615384 0.042067307692307696
2 0.8774038461538461 0.3870192307692308 0.05048076923076923 0.055288461538461536
5 0.16105769230769232 0.5745192307692307 0.12620192307692307 0.39663461538461536
5 0.28966346153846156 0.5492788461538461 0.07572115384615384 0.3329326923076923
5 0.8798076923076923 0.5673076923076923 0.10697115384615384 0.41346153846153844
5 0.7355769230769231 0.6069711538461539 0.11778846153846154 0.46634615384615385
5 0.5132211538461539 0.5733173076923077 0.09134615384615384 0.4375
5 0.4230769230769231 0.5661057692307693 0.0889423076923077 0.4495192307692308
5 0.3605769230769231 0.5588942307692307 0.07091346153846154 0.36658653846153844