2 0.8173076923076923 0.7007211538461539 0.06490384615384616 0.07451923076923077
2 0.039663461538461536 0.5576923076923077 0.0625 0.0625
2 0.0889423076923077 0.48677884615384615 0.038461538461538464 0.04326923076923077
2 0.10697115384615384 0.5661057692307693 0.05048076923076923 0.052884615384615384
2 0.19110576923076922 0.5949519230769231 0.05048076923076923 0.055288461538461536
2 0.15985576923076922 0.4963942307692308 0.038461538461538464 0.036057692307692304
2 0.21634615384615385 0.5300480769230769 0.040865384615384616 0.052884615384615384
2 0.5709134615384616 0.4230769230769231 0.05048076923076923 0.06009615384615385
5 0.04567307692307692 0.7235576923076923 0.09134615384615384 0.39903846153846156
5 0.8173076923076923 0.8197115384615384 0.21634615384615385 0.3605769230769231
5 0.5264423076923077 0.5360576923076923 0.14182692307692307 0.3629807692307692
5 0.5949519230769231 0.5637019230769231 0.14423076923076922 0.37259615384615385
5 0.1875 0.6983173076923077 0.12980769230769232 0.2644230769230769