2 0.4014423076923077 0.27524038461538464 0.12740384615384615 0.11057692307692307
2 0.6310096153846154 0.19951923076923078 0.11057692307692307 0.12860576923076922
2 0.7740384615384616 0.13942307692307693 0.051682692307692304 0.08653846153846154
2 0.21875 0.1935096153846154 0.09375 0.12860576923076922
2 0.31850961538461536 0.21875 0.08173076923076923 0.1141826923076923
2 0.9002403846153846 0.14302884615384615 0.19951923076923078 0.28125
5 0.6959134615384616 0.40865384615384615 0.25600961538461536 0.5264423076923077
5 0.8858173076923077 0.49278846153846156 0.21394230769230768 0.9855769230769231
5 0.2439903846153846 0.17908653846153846 0.11658653846153846 0.35697115384615385
5 0.2127403846153846 0.5625 0.16466346153846154 0.8257211538461539
5 0.7752403846153846 0.23918269230769232 0.055288461538461536 0.21754807692307693
5 0.3942307692307692 0.6117788461538461 0.3269230769230769 0.7764423076923077
5 0.31009615384615385 0.30288461538461536 0.13221153846153846 0.296875