2 0.4855769230769231 0.3942307692307692 0.06490384615384616 0.08173076923076923
2 0.6286057692307693 0.3581730769230769 0.06490384615384616 0.08173076923076923
2 0.2692307692307692 0.4254807692307692 0.06490384615384616 0.08173076923076923
2 0.3798076923076923 0.3894230769230769 0.06490384615384616 0.08173076923076923
2 0.7620192307692307 0.33413461538461536 0.06490384615384616 0.08173076923076923
5 0.5168269230769231 0.6177884615384616 0.15625 0.5192307692307693
5 0.671875 0.5997596153846154 0.16346153846153846 0.5600961538461539
5 0.30288461538461536 0.6598557692307693 0.16826923076923078 0.5360576923076923
5 0.7920673076923077 0.5973557692307693 0.1778846153846154 0.5961538461538461
5 0.4170673076923077 0.6274038461538461 0.15625 0.53125
5 0.14182692307692307 0.5661057692307693 0.040865384615384616 0.13221153846153846