2 0.3954326923076923 0.3858173076923077 0.0673076923076923 0.07451923076923077
5 0.052884615384615384 0.484375 0.10576923076923077 0.3870192307692308
5 0.8786057692307693 0.7620192307692307 0.24278846153846154 0.40865384615384615
5 0.3449519230769231 0.4723557692307692 0.07932692307692307 0.2403846153846154
5 0.29447115384615385 0.5504807692307693 0.18990384615384615 0.36538461538461536
5 0.19471153846153846 0.5180288461538461 0.15384615384615385 0.3629807692307692
5 0.7992788461538461 0.765625 0.17307692307692307 0.40384615384615385
5 0.39903846153846156 0.5108173076923077 0.14182692307692307 0.3076923076923077
5 0.10336538461538461 0.4951923076923077 0.1346153846153846 0.3870192307692308
5 0.9759615384615384 0.796875 0.04807692307692308 0.2860576923076923
5 0.6802884615384616 0.7548076923076923 0.17548076923076922 0.46153846153846156