2 0.4098557692307692 0.3737980769230769 0.06009615384615385 0.06850961538461539
5 0.04447115384615385 0.42788461538461536 0.0889423076923077 0.3798076923076923
5 0.8509615384615384 0.8076923076923077 0.2127403846153846 0.38461538461538464
5 0.34975961538461536 0.453125 0.051682692307692304 0.23677884615384615
5 0.28966346153846156 0.5252403846153846 0.14903846153846154 0.35096153846153844
5 0.19471153846153846 0.4807692307692308 0.11177884615384616 0.35096153846153844
5 0.7644230769230769 0.8004807692307693 0.12740384615384615 0.3918269230769231
5 0.39783653846153844 0.4987980769230769 0.10697115384615384 0.2980769230769231
5 0.10697115384615384 0.44711538461538464 0.0889423076923077 0.3786057692307692
5 0.9651442307692307 0.8569711538461539 0.06971153846153846 0.27884615384615385
5 0.6478365384615384 0.7752403846153846 0.12259615384615384 0.4495192307692308