2 0.34615384615384615 0.3088942307692308 0.15144230769230768 0.13942307692307693
2 0.5492788461538461 0.17548076923076922 0.13942307692307693 0.15384615384615385
2 0.671875 0.08052884615384616 0.07211538461538461 0.09615384615384616
2 0.14903846153846154 0.2764423076923077 0.125 0.14903846153846154
2 0.25240384615384615 0.27524038461538464 0.10817307692307693 0.13221153846153846
2 0.7932692307692307 0.10576923076923077 0.2644230769230769 0.21153846153846154
5 0.6658653846153846 0.3605769230769231 0.38461538461538464 0.5745192307692307
5 0.8197115384615384 0.4483173076923077 0.3605769230769231 0.8966346153846154
5 0.16947115384615385 0.25600961538461536 0.20432692307692307 0.375
5 0.23918269230769232 0.6069711538461539 0.37259615384615385 0.7860576923076923
5 0.6983173076923077 0.17668269230769232 0.11057692307692307 0.22355769230769232
5 0.4266826923076923 0.609375 0.5168269230769231 0.78125
5 0.265625 0.3581730769230769 0.20432692307692307 0.32211538461538464