2 0.46153846153846156 0.328125 0.11298076923076923 0.1346153846153846
2 0.7319711538461539 0.23317307692307693 0.13221153846153846 0.12980769230769232
2 0.2980769230769231 0.2848557692307692 0.12980769230769232 0.1466346153846154
2 0.21514423076923078 0.25600961538461536 0.12980769230769232 0.14903846153846154
2 0.8341346153846154 0.20673076923076922 0.13221153846153846 0.12980769230769232
5 0.7980769230769231 0.5564903846153846 0.27884615384615385 0.7908653846153846
5 0.8870192307692307 0.5372596153846154 0.22596153846153846 0.78125
5 0.9723557692307693 0.5144230769230769 0.055288461538461536 0.17307692307692307
5 0.6466346153846154 0.4855769230769231 0.040865384615384616 0.07692307692307693
5 0.49399038461538464 0.6334134615384616 0.2860576923076923 0.7331730769230769
5 0.24879807692307693 0.5793269230769231 0.31971153846153844 0.8413461538461539
5 0.3449519230769231 0.6081730769230769 0.23317307692307693 0.7836538461538461
5 0.140625 0.6286057692307693 0.28125 0.7427884615384616