2 0.4182692307692308 0.3629807692307692 0.0985576923076923 0.09615384615384616
2 0.5384615384615384 0.2980769230769231 0.0889423076923077 0.09375
2 0.6490384615384616 0.1875 0.13942307692307693 0.18028846153846154
2 0.8209134615384616 0.10697115384615384 0.24278846153846154 0.21394230769230768
2 0.22115384615384615 0.6069711538461539 0.17307692307692307 0.16826923076923078
2 0.19230769230769232 0.46634615384615385 0.1201923076923077 0.12980769230769232
2 0.16947115384615385 0.3641826923076923 0.07932692307692307 0.08653846153846154
2 0.25841346153846156 0.3088942307692308 0.0673076923076923 0.0985576923076923
2 0.38341346153846156 0.3088942307692308 0.06490384615384616 0.08413461538461539
2 0.4230769230769231 0.28365384615384615 0.0673076923076923 0.09375
5 0.5949519230769231 0.5192307692307693 0.23798076923076922 0.5504807692307693
5 0.7463942307692307 0.4879807692307692 0.35096153846153844 0.7091346153846154
5 0.47115384615384615 0.5637019230769231 0.21875 0.5168269230769231
5 0.8100961538461539 0.4807692307692308 0.3798076923076923 0.9230769230769231
5 0.5949519230769231 0.3269230769230769 0.0985576923076923 0.21153846153846154
5 0.35697115384615385 0.671875 0.5072115384615384 0.65625
5 0.34375 0.5516826923076923 0.22596153846153846 0.5673076923076923
5 0.4519230769230769 0.359375 0.12259615384615384 0.2283653846153846
5 0.23076923076923078 0.39302884615384615 0.03365384615384615 0.06971153846153846
5 0.5012019230769231 0.27884615384615385 0.038461538461538464 0.10096153846153846
5 0.35096153846153844 0.31009615384615385 0.055288461538461536 0.0889423076923077
5 0.6862980769230769 0.39302884615384615 0.23076923076923078 0.5576923076923077
5 0.18629807692307693 0.4362980769230769 0.1346153846153846 0.2283653846153846
5 0.6526442307692307 0.3401442307692308 0.08653846153846154 0.1875
5 0.4807692307692308 0.4987980769230769 0.18509615384615385 0.49038461538461536