2 0.4483173076923077 0.3485576923076923 0.08413461538461539 0.08052884615384616
2 0.5793269230769231 0.31009615384615385 0.07451923076923077 0.08052884615384616
2 0.7103365384615384 0.2247596153846154 0.10817307692307693 0.1622596153846154
2 0.8978365384615384 0.17067307692307693 0.20432692307692307 0.203125
2 0.20552884615384615 0.546875 0.14783653846153846 0.140625
2 0.20552884615384615 0.4026442307692308 0.09975961538461539 0.11057692307692307
2 0.20552884615384615 0.2980769230769231 0.06610576923076923 0.07451923076923077
2 0.30288461538461536 0.26322115384615385 0.05048076923076923 0.09014423076923077
2 0.4254807692307692 0.28846153846153844 0.05048076923076923 0.07451923076923077
2 0.4699519230769231 0.27283653846153844 0.051682692307692304 0.08413461538461539
5 0.5889423076923077 0.5384615384615384 0.12980769230769232 0.5360576923076923
5 0.7439903846153846 0.5396634615384616 0.21514423076923078 0.6790865384615384
5 0.4579326923076923 0.5564903846153846 0.11538461538461539 0.5036057692307693
5 0.8521634615384616 0.5552884615384616 0.2956730769230769 0.8798076923076923
5 0.6286057692307693 0.35096153846153844 0.056490384615384616 0.203125
5 0.31850961538461536 0.6706730769230769 0.3786057692307692 0.65625
5 0.33653846153846156 0.5180288461538461 0.1141826923076923 0.5552884615384616
5 0.48197115384615385 0.35216346153846156 0.078125 0.21754807692307693
5 0.25841346153846156 0.3389423076923077 0.020432692307692308 0.0673076923076923
5 0.546875 0.28365384615384615 0.019230769230769232 0.09975961538461539
5 0.39302884615384615 0.28365384615384615 0.039663461538461536 0.0829326923076923
5 0.7043269230769231 0.4338942307692308 0.12139423076923077 0.5432692307692307
5 0.20673076923076922 0.37259615384615385 0.09254807692307693 0.21394230769230768
5 0.6826923076923077 0.375 0.04927884615384615 0.1814903846153846
5 0.48197115384615385 0.4951923076923077 0.08533653846153846 0.484375