2 0.39903846153846156 0.5637019230769231 0.040865384615384616 0.052884615384615384
2 0.2920673076923077 0.7259615384615384 0.0673076923076923 0.08413461538461539
2 0.11778846153846154 0.7644230769230769 0.06009615384615385 0.125
2 0.43509615384615385 0.6911057692307693 0.03125 0.052884615384615384
2 0.7223557692307693 0.5564903846153846 0.05048076923076923 0.06009615384615385
5 0.19110576923076922 0.8617788461538461 0.18990384615384615 0.2764423076923077
5 0.3112980769230769 0.8425480769230769 0.11538461538461539 0.2860576923076923
5 0.4170673076923077 0.7524038461538461 0.08173076923076923 0.15625
5 0.7223557692307693 0.6634615384615384 0.09375 0.2548076923076923
5 0.3954326923076923 0.6286057692307693 0.0889423076923077 0.19230769230769232
5 0.7716346153846154 0.4543269230769231 0.09615384615384616 0.1971153846153846