2 0.5516826923076923 0.4098557692307692 0.052884615384615384 0.0673076923076923
2 0.22716346153846154 0.5853365384615384 0.038461538461538464 0.052884615384615384
2 0.21153846153846154 0.6490384615384616 0.038461538461538464 0.052884615384615384
2 0.30288461538461536 0.6213942307692307 0.038461538461538464 0.052884615384615384
2 0.16346153846153846 0.5552884615384616 0.036057692307692304 0.052884615384615384
2 0.09254807692307693 0.5588942307692307 0.038461538461538464 0.052884615384615384
2 0.0625 0.6466346153846154 0.06971153846153846 0.0625
2 0.11658653846153846 0.6442307692307693 0.0673076923076923 0.057692307692307696
2 0.8485576923076923 0.6334134615384616 0.07692307692307693 0.09615384615384616
5 0.21995192307692307 0.734375 0.10576923076923077 0.22355769230769232
5 0.09735576923076923 0.6141826923076923 0.07932692307692307 0.14423076923076922
5 0.17307692307692307 0.6490384615384616 0.057692307692307696 0.23557692307692307
5 0.546875 0.546875 0.0673076923076923 0.3173076923076923
5 0.5997596153846154 0.5276442307692307 0.08653846153846154 0.28125
5 0.08533653846153846 0.8076923076923077 0.17067307692307693 0.38461538461538464
5 0.04447115384615385 0.734375 0.08653846153846154 0.23557692307692307
5 0.23197115384615385 0.6237980769230769 0.052884615384615384 0.1346153846153846
5 0.8725961538461539 0.8004807692307693 0.10096153846153846 0.3942307692307692
5 0.2692307692307692 0.6622596153846154 0.06009615384615385 0.14903846153846154
5 0.2800480769230769 0.7139423076923077 0.0673076923076923 0.25961538461538464
5 0.1141826923076923 0.7295673076923077 0.11538461538461539 0.23798076923076922