2 0.36177884615384615 0.42908653846153844 0.07692307692307693 0.08413461538461539
2 0.8100961538461539 0.4723557692307692 0.07692307692307693 0.08413461538461539
2 0.2644230769230769 0.4723557692307692 0.07692307692307693 0.08413461538461539
5 0.7944711538461539 0.7043269230769231 0.27403846153846156 0.45913461538461536
5 0.3701923076923077 0.6478365384615384 0.20192307692307693 0.49278846153846156
5 0.20552884615384615 0.6766826923076923 0.16826923076923078 0.4639423076923077
5 0.5901442307692307 0.3629807692307692 0.10096153846153846 0.21634615384615385
1 0.359375 0.8665865384615384 0.06490384615384616 0.04807692307692308
1 0.3125 0.8689903846153846 0.055288461538461536 0.040865384615384616
1 0.14783653846153846 0.859375 0.055288461538461536 0.04326923076923077
1 0.6850961538461539 0.8713942307692307 0.08413461538461539 0.057692307692307696
10 0.34134615384615385 0.5612980769230769 0.11778846153846154 0.17548076923076922
10 0.8221153846153846 0.6057692307692307 0.15865384615384615 0.16826923076923078
10 0.21754807692307693 0.59375 0.07692307692307693 0.1201923076923077