2 0.17307692307692307 0.23918269230769232 0.15865384615384615 0.16466346153846154
2 0.47475961538461536 0.3329326923076923 0.06971153846153846 0.078125
2 0.6490384615384616 0.27283653846153844 0.11658653846153846 0.1141826923076923
2 0.3858173076923077 0.3233173076923077 0.10697115384615384 0.13822115384615385
2 0.5360576923076923 0.34975961538461536 0.056490384615384616 0.06850961538461539
2 0.8245192307692307 0.28966346153846156 0.1201923076923077 0.12259615384615384
2 0.9447115384615384 0.38100961538461536 0.11057692307692307 0.1502403846153846
5 0.125 0.578125 0.25 0.84375
5 0.3557692307692308 0.6237980769230769 0.19230769230769232 0.7524038461538461
5 0.65625 0.6045673076923077 0.20793269230769232 0.7896634615384616
5 0.9471153846153846 0.6322115384615384 0.10576923076923077 0.7355769230769231
5 0.828125 0.6009615384615384 0.18990384615384615 0.7764423076923077