2 0.5769230769230769 0.5408653846153846 0.0625 0.08173076923076923
2 0.6790865384615384 0.5913461538461539 0.05048076923076923 0.0625
5 0.41947115384615385 0.6875 0.18509615384615385 0.4230769230769231
5 0.35096153846153844 0.6550480769230769 0.1778846153846154 0.38461538461538464
5 0.22355769230769232 0.6298076923076923 0.18509615384615385 0.4326923076923077
5 0.5384615384615384 0.7151442307692307 0.20673076923076922 0.43509615384615385
5 0.6742788461538461 0.7524038461538461 0.17067307692307693 0.3557692307692308
5 0.4951923076923077 0.6790865384615384 0.10817307692307693 0.2764423076923077
5 0.6334134615384616 0.7319711538461539 0.10576923076923077 0.2860576923076923
5 0.5949519230769231 0.6778846153846154 0.06971153846153846 0.18990384615384615
5 0.7331730769230769 0.6959134615384616 0.055288461538461536 0.13942307692307693