2 0.5841346153846154 0.5228365384615384 0.04807692307692308 0.07211538461538461
2 0.6947115384615384 0.5492788461538461 0.038461538461538464 0.054086538461538464
5 0.4639423076923077 0.7007211538461539 0.09495192307692307 0.41225961538461536
5 0.3894230769230769 0.6850961538461539 0.09615384615384616 0.37259615384615385
5 0.25961538461538464 0.6887019230769231 0.09254807692307693 0.421875
5 0.5853365384615384 0.7007211538461539 0.11538461538461539 0.4206730769230769
5 0.7271634615384616 0.7067307692307693 0.09615384615384616 0.3425480769230769
5 0.5360576923076923 0.6754807692307693 0.046875 0.27283653846153844
5 0.6826923076923077 0.6959134615384616 0.04326923076923077 0.2824519230769231
5 0.6322115384615384 0.6514423076923077 0.028846153846153848 0.18870192307692307
5 0.7716346153846154 0.6382211538461539 0.02403846153846154 0.13701923076923078