2 0.4735576923076923 0.5985576923076923 0.1201923076923077 0.13942307692307693
2 0.35096153846153844 0.5829326923076923 0.10817307692307693 0.13701923076923078
2 0.24519230769230768 0.5625 0.1875 0.21875
2 0.7680288461538461 0.6033653846153846 0.05048076923076923 0.06490384615384616
2 0.6069711538461539 0.5625 0.055288461538461536 0.07451923076923077
2 0.4963942307692308 0.5240384615384616 0.0673076923076923 0.07692307692307693
2 0.6983173076923077 0.5745192307692307 0.052884615384615384 0.06971153846153846
2 0.6790865384615384 0.5576923076923077 0.057692307692307696 0.06971153846153846
2 0.8040865384615384 0.5673076923076923 0.055288461538461536 0.07451923076923077
2 0.8581730769230769 0.6033653846153846 0.03365384615384615 0.04567307692307692
2 0.8930288461538461 0.6057692307692307 0.026442307692307692 0.038461538461538464
2 0.96875 0.6514423076923077 0.036057692307692304 0.0673076923076923
2 0.9603365384615384 0.6237980769230769 0.028846153846153848 0.03365384615384615