1 0.0625 0.16346153846153846 0.06009615384615385 0.055288461538461536
1 0.15985576923076922 0.5612980769230769 0.08413461538461539 0.052884615384615384
1 0.2692307692307692 0.5456730769230769 0.07932692307692307 0.05048076923076923
1 0.3545673076923077 0.4375 0.0625 0.04326923076923077
1 0.40625 0.42788461538461536 0.057692307692307696 0.05048076923076923
1 0.46153846153846156 0.4519230769230769 0.07451923076923077 0.04567307692307692
1 0.5264423076923077 0.4495192307692308 0.040865384615384616 0.04807692307692308
1 0.6334134615384616 0.7319711538461539 0.1201923076923077 0.0985576923076923
1 0.7379807692307693 0.6814903846153846 0.09615384615384616 0.0889423076923077
1 0.8762019230769231 0.546875 0.0985576923076923 0.07692307692307693
1 0.9459134615384616 0.5348557692307693 0.07211538461538461 0.0625