1 0.030048076923076924 0.21153846153846154 0.054086538461538464 0.04927884615384615
1 0.16826923076923078 0.5961538461538461 0.08052884615384616 0.04567307692307692
1 0.27524038461538464 0.5697115384615384 0.07572115384615384 0.04326923076923077
1 0.3485576923076923 0.453125 0.05889423076923077 0.038461538461538464
1 0.39903846153846156 0.4387019230769231 0.052884615384615384 0.04567307692307692
1 0.4567307692307692 0.4567307692307692 0.07091346153846154 0.039663461538461536
1 0.5204326923076923 0.44711538461538464 0.037259615384615384 0.04326923076923077
1 0.6574519230769231 0.7163461538461539 0.11177884615384616 0.08774038461538461
1 0.7560096153846154 0.6550480769230769 0.0889423076923077 0.08052884615384616
1 0.8786057692307693 0.5072115384615384 0.09254807692307693 0.06850961538461539
1 0.9471153846153846 0.4879807692307692 0.0673076923076923 0.056490384615384616