1 0.5348557692307693 0.3605769230769231 0.037259615384615384 0.027644230769230768
1 0.6057692307692307 0.37259615384615385 0.026442307692307692 0.015625
1 0.5769230769230769 0.3713942307692308 0.038461538461538464 0.019230769230769232
1 0.6478365384615384 0.49399038461538464 0.07091346153846154 0.03485576923076923
1 0.7980769230769231 0.578125 0.08653846153846154 0.03245192307692308
1 0.7043269230769231 0.5985576923076923 0.11057692307692307 0.051682692307692304
1 0.44350961538461536 0.5180288461538461 0.08413461538461539 0.028846153846153848
1 0.48677884615384615 0.5060096153846154 0.03365384615384615 0.02403846153846154
1 0.20673076923076922 0.5504807692307693 0.0889423076923077 0.037259615384615384
1 0.03485576923076923 0.5396634615384616 0.06971153846153846 0.040865384615384616
1 0.2824519230769231 0.7247596153846154 0.09495192307692307 0.06850961538461539
1 0.3954326923076923 0.7596153846153846 0.16466346153846154 0.057692307692307696