1 0.5420673076923077 0.3629807692307692 0.038461538461538464 0.028846153846153848
1 0.6117788461538461 0.3786057692307692 0.026442307692307692 0.016826923076923076
1 0.5841346153846154 0.375 0.038461538461538464 0.021634615384615384
1 0.6478365384615384 0.5012019230769231 0.07211538461538461 0.038461538461538464
1 0.7932692307692307 0.59375 0.0889423076923077 0.036057692307692304
1 0.6983173076923077 0.609375 0.11298076923076923 0.057692307692307696
1 0.4423076923076923 0.515625 0.08653846153846154 0.03365384615384615
1 0.48677884615384615 0.5048076923076923 0.036057692307692304 0.026442307692307692
1 0.20432692307692307 0.5348557692307693 0.09134615384615384 0.040865384615384616
1 0.03485576923076923 0.5144230769230769 0.06971153846153846 0.04326923076923077
1 0.2704326923076923 0.7127403846153846 0.0985576923076923 0.07451923076923077
1 0.38221153846153844 0.7536057692307693 0.16826923076923078 0.0673076923076923