1 0.019230769230769232 0.6105769230769231 0.028846153846153848 0.04326923076923077
1 0.2860576923076923 0.7127403846153846 0.046875 0.06009615384615385
1 0.2548076923076923 0.6923076923076923 0.027644230769230768 0.052884615384615384
1 0.23557692307692307 0.6742788461538461 0.03485576923076923 0.040865384615384616
1 0.21634615384615385 0.6670673076923077 0.013221153846153846 0.046875
1 0.38341346153846156 0.5985576923076923 0.028846153846153848 0.042067307692307696
1 0.4098557692307692 0.6045673076923077 0.025240384615384616 0.040865384615384616
1 0.4387019230769231 0.6189903846153846 0.027644230769230768 0.037259615384615384
1 0.4675480769230769 0.6237980769230769 0.018028846153846152 0.03365384615384615
1 0.4855769230769231 0.6298076923076923 0.036057692307692304 0.037259615384615384
1 0.5072115384615384 0.6322115384615384 0.025240384615384616 0.04447115384615385
1 0.7043269230769231 0.7932692307692307 0.04326923076923077 0.0829326923076923
1 0.6694711538461539 0.7740384615384616 0.054086538461538464 0.05889423076923077
1 0.7475961538461539 0.7103365384615384 0.042067307692307696 0.055288461538461536
1 0.5180288461538461 0.6418269230769231 0.03365384615384615 0.042067307692307696
1 0.5360576923076923 0.6526442307692307 0.027644230769230768 0.046875
1 0.5552884615384616 0.6706730769230769 0.037259615384615384 0.055288461538461536
1 0.5817307692307693 0.6814903846153846 0.03485576923076923 0.055288461538461536
1 0.6129807692307693 0.7091346153846154 0.052884615384615384 0.055288461538461536
1 0.6454326923076923 0.7367788461538461 0.04807692307692308 0.055288461538461536
2 0.2764423076923077 0.35096153846153844 0.06009615384615385 0.05048076923076923
2 0.6370192307692307 0.375 0.051682692307692304 0.04807692307692308
2 0.6935096153846154 0.36538461538461536 0.0625 0.04807692307692308
2 0.75 0.3942307692307692 0.05048076923076923 0.04447115384615385
2 0.3894230769230769 0.38221153846153844 0.03125 0.03485576923076923
2 0.23918269230769232 0.36658653846153844 0.05048076923076923 0.039663461538461536
2 0.5829326923076923 0.38100961538461536 0.04447115384615385 0.054086538461538464
2 0.5360576923076923 0.36778846153846156 0.038461538461538464 0.038461538461538464
2 0.4483173076923077 0.3858173076923077 0.03485576923076923 0.03365384615384615
5 0.28365384615384615 0.5276442307692307 0.09495192307692307 0.4579326923076923
5 0.03125 0.49038461538461536 0.0625 0.28846153846153844
5 0.22956730769230768 0.5216346153846154 0.06370192307692307 0.38341346153846156
5 0.6995192307692307 0.5889423076923077 0.1141826923076923 0.5060096153846154
5 0.6322115384615384 0.5612980769230769 0.08653846153846154 0.4170673076923077
5 0.5733173076923077 0.5360576923076923 0.08052884615384616 0.36538461538461536
5 0.5384615384615384 0.515625 0.07211538461538461 0.3557692307692308
5 0.3942307692307692 0.49759615384615385 0.06971153846153846 0.28846153846153844
5 0.4567307692307692 0.5108173076923077 0.06971153846153846 0.2932692307692308
5 0.7560096153846154 0.5625 0.09375 0.3798076923076923