1 0.013221153846153846 0.49038461538461536 0.026442307692307692 0.04807692307692308
1 0.2403846153846154 0.6550480769230769 0.06009615384615385 0.06971153846153846
1 0.21514423076923078 0.6274038461538461 0.038461538461538464 0.057692307692307696
1 0.20072115384615385 0.6045673076923077 0.04326923076923077 0.04807692307692308
1 0.18389423076923078 0.59375 0.02403846153846154 0.04807692307692308
1 0.3629807692307692 0.5673076923076923 0.038461538461538464 0.04807692307692308
1 0.3870192307692308 0.5793269230769231 0.03365384615384615 0.04567307692307692
1 0.41225961538461536 0.6009615384615384 0.036057692307692304 0.04326923076923077
1 0.4387019230769231 0.6117788461538461 0.026442307692307692 0.036057692307692304
1 0.4543269230769231 0.6225961538461539 0.04326923076923077 0.04567307692307692
1 0.47475961538461536 0.6298076923076923 0.036057692307692304 0.04807692307692308
1 0.6274038461538461 0.8341346153846154 0.0625 0.09134615384615384
1 0.5985576923076923 0.8064903846153846 0.0673076923076923 0.06971153846153846
1 0.6899038461538461 0.7644230769230769 0.055288461538461536 0.06490384615384616
1 0.4831730769230769 0.6418269230769231 0.04326923076923077 0.04807692307692308
1 0.49759615384615385 0.65625 0.038461538461538464 0.052884615384615384
1 0.5120192307692307 0.6790865384615384 0.05048076923076923 0.0625
1 0.5348557692307693 0.6959134615384616 0.04807692307692308 0.0625
1 0.5588942307692307 0.7307692307692307 0.06490384615384616 0.0673076923076923
1 0.5841346153846154 0.7644230769230769 0.06009615384615385 0.06490384615384616
2 0.31971153846153844 0.3016826923076923 0.06971153846153846 0.0625
2 0.6634615384615384 0.41225961538461536 0.0625 0.06009615384615385
2 0.7199519230769231 0.41586538461538464 0.07211538461538461 0.0625
2 0.7680288461538461 0.4579326923076923 0.06009615384615385 0.055288461538461536
2 0.4206730769230769 0.359375 0.038461538461538464 0.040865384615384616
2 0.27884615384615385 0.3076923076923077 0.057692307692307696 0.05048076923076923
2 0.609375 0.4050480769230769 0.055288461538461536 0.0625
2 0.5673076923076923 0.38100961538461536 0.04567307692307692 0.04567307692307692
2 0.47716346153846156 0.3762019230769231 0.040865384615384616 0.040865384615384616
5 0.28365384615384615 0.47475961538461536 0.20192307692307693 0.46634615384615385
5 0.056490384615384616 0.3762019230769231 0.11298076923076923 0.2956730769230769
5 0.23197115384615385 0.45552884615384615 0.15384615384615385 0.3870192307692308
5 0.671875 0.6346153846153846 0.23317307692307693 0.5192307692307693
5 0.6129807692307693 0.5913461538461539 0.18509615384615385 0.4254807692307692
5 0.5625 0.5528846153846154 0.1658653846153846 0.375
5 0.5336538461538461 0.5240384615384616 0.15625 0.3629807692307692
5 0.39783653846153844 0.4723557692307692 0.13701923076923078 0.2956730769230769
5 0.45552884615384615 0.5 0.13942307692307693 0.3004807692307692
5 0.7331730769230769 0.6225961538461539 0.18269230769230768 0.3918269230769231