1 0.375 0.5420673076923077 0.021634615384615384 0.028846153846153848
1 0.39302884615384615 0.6009615384615384 0.02403846153846154 0.03125
1 0.41586538461538464 0.5961538461538461 0.01201923076923077 0.026442307692307692
1 0.38100961538461536 0.7908653846153846 0.052884615384615384 0.0673076923076923
1 0.3293269230769231 0.8064903846153846 0.038461538461538464 0.06490384615384616
1 0.3137019230769231 0.8581730769230769 0.057692307692307696 0.06009615384615385
1 0.23197115384615385 0.8762019230769231 0.04807692307692308 0.07211538461538461
1 0.18389423076923078 0.828125 0.04567307692307692 0.057692307692307696
1 0.4579326923076923 0.9399038461538461 0.052884615384615384 0.08173076923076923
1 0.5012019230769231 0.9639423076923077 0.036057692307692304 0.055288461538461536
1 0.6850961538461539 0.9074519230769231 0.052884615384615384 0.07211538461538461
1 0.7283653846153846 0.8882211538461539 0.03365384615384615 0.07692307692307693
1 0.7620192307692307 0.7932692307692307 0.04567307692307692 0.0625
1 0.8173076923076923 0.8028846153846154 0.03125 0.06490384615384616
1 0.8509615384615384 0.7295673076923077 0.036057692307692304 0.052884615384615384
1 0.5685096153846154 0.6418269230769231 0.028846153846153848 0.038461538461538464
2 0.21394230769230768 0.47475961538461536 0.06009615384615385 0.07451923076923077
2 0.15264423076923078 0.4651442307692308 0.06009615384615385 0.052884615384615384
2 0.30649038461538464 0.44711538461538464 0.057692307692307696 0.0673076923076923
2 0.2439903846153846 0.421875 0.055288461538461536 0.052884615384615384
2 0.48677884615384615 0.4699519230769231 0.07451923076923077 0.07932692307692307
2 0.6814903846153846 0.47716346153846156 0.07451923076923077 0.08173076923076923
2 0.8269230769230769 0.4326923076923077 0.052884615384615384 0.0625
2 0.7307692307692307 0.41586538461538464 0.04567307692307692 0.040865384615384616
2 0.5036057692307693 0.38100961538461536 0.038461538461538464 0.04326923076923077
5 0.6826923076923077 0.6875 0.1875 0.5480769230769231
5 0.49038461538461536 0.7103365384615384 0.16826923076923078 0.5793269230769231
5 0.328125 0.6237980769230769 0.14903846153846154 0.46153846153846156
5 0.24519230769230768 0.6682692307692307 0.16346153846153846 0.4831730769230769
5 0.1658653846153846 0.6478365384615384 0.11298076923076923 0.4519230769230769
5 0.39903846153846156 0.5096153846153846 0.0673076923076923 0.22596153846153846
5 0.8149038461538461 0.6225961538461539 0.1658653846153846 0.47596153846153844
5 0.7427884615384616 0.49158653846153844 0.08173076923076923 0.2283653846153846