1 0.3737980769230769 0.5372596153846154 0.021634615384615384 0.028846153846153848
1 0.3894230769230769 0.5973557692307693 0.02283653846153846 0.030048076923076924
1 0.41225961538461536 0.5925480769230769 0.01201923076923077 0.026442307692307692
1 0.3713942307692308 0.7860576923076923 0.051682692307692304 0.06490384615384616
1 0.31850961538461536 0.8004807692307693 0.036057692307692304 0.0625
1 0.3016826923076923 0.8509615384615384 0.055288461538461536 0.057692307692307696
1 0.21875 0.8665865384615384 0.04567307692307692 0.06971153846153846
1 0.17307692307692307 0.8173076923076923 0.04447115384615385 0.055288461538461536
1 0.4423076923076923 0.9387019230769231 0.04927884615384615 0.08052884615384616
1 0.4855769230769231 0.9639423076923077 0.03365384615384615 0.055288461538461536
1 0.6706730769230769 0.9134615384615384 0.05048076923076923 0.07091346153846154
1 0.7151442307692307 0.8954326923076923 0.03125 0.07572115384615384
1 0.7512019230769231 0.8016826923076923 0.04326923076923077 0.06129807692307692
1 0.8064903846153846 0.8137019230769231 0.028846153846153848 0.06490384615384616
1 0.8425480769230769 0.7415865384615384 0.03365384615384615 0.051682692307692304
1 0.5637019230769231 0.6442307692307693 0.027644230769230768 0.037259615384615384
2 0.21514423076923078 0.4651442307692308 0.056490384615384616 0.07211538461538461
2 0.15384615384615385 0.453125 0.05889423076923077 0.051682692307692304
2 0.3088942307692308 0.43990384615384615 0.056490384615384616 0.06610576923076923
2 0.24639423076923078 0.41346153846153844 0.052884615384615384 0.051682692307692304
2 0.4879807692307692 0.4699519230769231 0.07211538461538461 0.07572115384615384
2 0.6826923076923077 0.4831730769230769 0.07211538461538461 0.07932692307692307
2 0.8293269230769231 0.44471153846153844 0.05048076923076923 0.06009615384615385
2 0.7331730769230769 0.42427884615384615 0.04326923076923077 0.039663461538461536
2 0.5072115384615384 0.38100961538461536 0.037259615384615384 0.040865384615384616
5 0.6754807692307693 0.6935096153846154 0.16826923076923078 0.5432692307692307
5 0.4831730769230769 0.7115384615384616 0.14903846153846154 0.5769230769230769
5 0.3233173076923077 0.6177884615384616 0.13221153846153846 0.4567307692307692
5 0.23918269230769232 0.6598557692307693 0.14783653846153846 0.47716346153846156
5 0.16105769230769232 0.6358173076923077 0.09615384615384616 0.4495192307692308
5 0.39903846153846156 0.5060096153846154 0.06009615384615385 0.22355769230769232
5 0.8100961538461539 0.6334134615384616 0.1502403846153846 0.4699519230769231
5 0.7427884615384616 0.5 0.07451923076923077 0.2247596153846154