1 0.13822115384615385 0.9134615384615384 0.08653846153846154 0.10817307692307693
1 0.31490384615384615 0.609375 0.02403846153846154 0.05048076923076923
1 0.3245192307692308 0.6262019230769231 0.040865384615384616 0.055288461538461536
1 0.34615384615384615 0.6358173076923077 0.040865384615384616 0.055288461538461536
1 0.36658653846153844 0.6442307692307693 0.036057692307692304 0.057692307692307696
1 0.3786057692307692 0.6670673076923077 0.036057692307692304 0.04567307692307692
1 0.39903846153846156 0.6838942307692307 0.038461538461538464 0.07211538461538461
1 0.41947115384615385 0.7067307692307693 0.040865384615384616 0.052884615384615384
1 0.45072115384615385 0.7355769230769231 0.04807692307692308 0.040865384615384616
1 0.48197115384615385 0.7572115384615384 0.052884615384615384 0.04326923076923077
1 0.515625 0.7860576923076923 0.040865384615384616 0.052884615384615384
1 0.5528846153846154 0.7908653846153846 0.057692307692307696 0.07451923076923077
1 0.5805288461538461 0.8305288461538461 0.05048076923076923 0.09615384615384616
1 0.6454326923076923 0.8653846153846154 0.05048076923076923 0.07932692307692307
1 0.6742788461538461 0.8966346153846154 0.04807692307692308 0.0889423076923077
1 0.71875 0.9555288461538461 0.08653846153846154 0.0889423076923077
1 0.7884615384615384 0.9795673076923077 0.038461538461538464 0.040865384615384616
1 0.8557692307692307 0.8774038461538461 0.057692307692307696 0.052884615384615384
1 0.6201923076923077 0.7103365384615384 0.03365384615384615 0.04567307692307692
2 0.16346153846153846 0.21634615384615385 0.09615384615384616 0.09134615384615384
2 0.7920673076923077 0.26322115384615385 0.09134615384615384 0.11057692307692307
2 0.8701923076923077 0.30408653846153844 0.07211538461538461 0.07451923076923077
2 0.7103365384615384 0.31490384615384615 0.07451923076923077 0.08173076923076923
2 0.6790865384615384 0.24639423076923078 0.052884615384615384 0.0625
2 0.609375 0.2848557692307692 0.052884615384615384 0.06971153846153846
2 0.5240384615384616 0.25841346153846156 0.05048076923076923 0.06490384615384616
2 0.4543269230769231 0.2956730769230769 0.04567307692307692 0.057692307692307696
2 0.41346153846153844 0.29086538461538464 0.05048076923076923 0.0625
2 0.375 0.27524038461538464 0.038461538461538464 0.052884615384615384
2 0.3401442307692308 0.28725961538461536 0.038461538461538464 0.05048076923076923
2 0.5600961538461539 0.29927884615384615 0.04567307692307692 0.06009615384615385
5 0.7752403846153846 0.5985576923076923 0.21394230769230768 0.8028846153846154
5 0.15384615384615385 0.5709134615384616 0.1778846153846154 0.8173076923076923
5 0.8677884615384616 0.5913461538461539 0.14903846153846154 0.6514423076923077
5 0.6826923076923077 0.6081730769230769 0.13942307692307693 0.7163461538461539
5 0.5853365384615384 0.5564903846153846 0.13701923076923078 0.6802884615384616
5 0.515625 0.5264423076923077 0.13221153846153846 0.625
5 0.4483173076923077 0.5264423076923077 0.11298076923076923 0.5264423076923077
5 0.39663461538461536 0.49759615384615385 0.08653846153846154 0.47836538461538464