1 0.16826923076923078 0.9375 0.08052884615384616 0.10336538461538461
1 0.3233173076923077 0.6225961538461539 0.020432692307692308 0.04927884615384615
1 0.33413461538461536 0.6382211538461539 0.036057692307692304 0.054086538461538464
1 0.3557692307692308 0.6466346153846154 0.037259615384615384 0.052884615384615384
1 0.37740384615384615 0.6526442307692307 0.03125 0.056490384615384616
1 0.390625 0.6754807692307693 0.03365384615384615 0.04447115384615385
1 0.41225961538461536 0.6899038461538461 0.03485576923076923 0.06971153846153846
1 0.4338942307692308 0.7115384615384616 0.037259615384615384 0.05048076923076923
1 0.4675480769230769 0.7379807692307693 0.04567307692307692 0.037259615384615384
1 0.5 0.7584134615384616 0.05048076923076923 0.040865384615384616
1 0.5360576923076923 0.7836538461538461 0.038461538461538464 0.05048076923076923
1 0.5733173076923077 0.7860576923076923 0.051682692307692304 0.07091346153846154
1 0.6033653846153846 0.8245192307692307 0.04326923076923077 0.09375
1 0.6706730769230769 0.8545673076923077 0.04567307692307692 0.07572115384615384
1 0.7019230769230769 0.8834134615384616 0.04326923076923077 0.08533653846153846
1 0.7524038461538461 0.9483173076923077 0.07932692307692307 0.10216346153846154
1 0.8221153846153846 0.9651442307692307 0.03365384615384615 0.054086538461538464
1 0.8810096153846154 0.8521634615384616 0.054086538461538464 0.04807692307692308
1 0.6346153846153846 0.7019230769230769 0.03125 0.04447115384615385
2 0.14423076923076922 0.2403846153846154 0.09014423076923077 0.08413461538461539
2 0.7752403846153846 0.2439903846153846 0.08413461538461539 0.1045673076923077
2 0.8557692307692307 0.27884615384615385 0.0673076923076923 0.06971153846153846
2 0.6971153846153846 0.3004807692307692 0.06971153846153846 0.078125
2 0.6610576923076923 0.234375 0.04807692307692308 0.05889423076923077
2 0.59375 0.2776442307692308 0.04807692307692308 0.0673076923076923
2 0.5072115384615384 0.25721153846153844 0.04567307692307692 0.06129807692307692
2 0.43990384615384615 0.29927884615384615 0.042067307692307696 0.054086538461538464
2 0.39903846153846156 0.296875 0.04567307692307692 0.06009615384615385
2 0.359375 0.2848557692307692 0.036057692307692304 0.05048076923076923
2 0.32572115384615385 0.29927884615384615 0.036057692307692304 0.04927884615384615
2 0.5456730769230769 0.2956730769230769 0.040865384615384616 0.056490384615384616
5 0.7824519230769231 0.5913461538461539 0.15745192307692307 0.8173076923076923
5 0.15985576923076922 0.5949519230769231 0.12139423076923077 0.8100961538461539
5 0.8737980769230769 0.5649038461538461 0.1045673076923077 0.6454326923076923
5 0.6899038461538461 0.5949519230769231 0.09014423076923077 0.7127403846153846
5 0.5889423076923077 0.5504807692307693 0.0889423076923077 0.6754807692307693
5 0.5168269230769231 0.5252403846153846 0.09014423076923077 0.6213942307692307
5 0.45072115384615385 0.5300480769230769 0.07572115384615384 0.5228365384615384
5 0.39663461538461536 0.5048076923076923 0.052884615384615384 0.47596153846153844