2 0.7524038461538461 0.2283653846153846 0.0673076923076923 0.08653846153846154
2 0.24759615384615385 0.054086538461538464 0.09375 0.08653846153846154
5 0.6935096153846154 0.5264423076923077 0.2403846153846154 0.59375
2 0.3762019230769231 0.17427884615384615 0.0673076923076923 0.08653846153846154
2 0.5985576923076923 0.29927884615384615 0.057692307692307696 0.0625
2 0.47836538461538464 0.23798076923076922 0.0673076923076923 0.09134615384615384
2 0.8954326923076923 0.4050480769230769 0.07451923076923077 0.08653846153846154
5 0.1935096153846154 0.4110576923076923 0.25240384615384615 0.6778846153846154
5 0.4375 0.46274038461538464 0.1971153846153846 0.5384615384615384
5 0.8461538461538461 0.6262019230769231 0.23317307692307693 0.5504807692307693
5 0.32572115384615385 0.44471153846153844 0.21634615384615385 0.5649038461538461
5 0.5528846153846154 0.5060096153846154 0.19951923076923078 0.5144230769230769
4 0.24759615384615385 0.109375 0.0625 0.05048076923076923