2 0.7127403846153846 0.19591346153846154 0.056490384615384616 0.07932692307692307
2 0.1875 0.09375 0.0829326923076923 0.07692307692307693
5 0.6947115384615384 0.4987980769230769 0.16105769230769232 0.578125
2 0.3317307692307692 0.19471153846153846 0.057692307692307696 0.07932692307692307
2 0.5697115384615384 0.28725961538461536 0.05048076923076923 0.056490384615384616
2 0.4423076923076923 0.2439903846153846 0.055288461538461536 0.08413461538461539
2 0.8786057692307693 0.35096153846153844 0.06370192307692307 0.078125
5 0.18389423076923078 0.4543269230769231 0.16105769230769232 0.6610576923076923
5 0.4326923076923077 0.4723557692307692 0.125 0.5264423076923077
5 0.8605769230769231 0.5769230769230769 0.15985576923076922 0.5324519230769231
5 0.31971153846153844 0.4699519230769231 0.14182692307692307 0.5504807692307693
5 0.5528846153846154 0.4987980769230769 0.13221153846153846 0.5
4 0.19591346153846154 0.14783653846153846 0.056490384615384616 0.04326923076923077