1 0.140625 0.8473557692307693 0.052884615384615384 0.09735576923076923
1 0.21995192307692307 0.7884615384615384 0.06370192307692307 0.0889423076923077
1 0.27884615384615385 0.7848557692307693 0.04447115384615385 0.06850961538461539
1 0.3641826923076923 0.7800480769230769 0.038461538461538464 0.0625
1 0.4338942307692308 0.7824519230769231 0.046875 0.06370192307692307
1 0.5084134615384616 0.7776442307692307 0.037259615384615384 0.0673076923076923
2 0.17067307692307693 0.14543269230769232 0.07572115384615384 0.10216346153846154
2 0.31850961538461536 0.24879807692307693 0.051682692307692304 0.078125
2 0.47596153846153844 0.2283653846153846 0.06370192307692307 0.10216346153846154
2 0.39903846153846156 0.2620192307692308 0.04567307692307692 0.0625
2 0.7872596153846154 0.3954326923076923 0.07451923076923077 0.07932692307692307
5 0.7776442307692307 0.6442307692307693 0.1045673076923077 0.5865384615384616
5 0.1658653846153846 0.4795673076923077 0.12259615384615384 0.7463942307692307
10 0.7740384615384616 0.5769230769230769 0.11298076923076923 0.27884615384615385
10 0.3173076923076923 0.44350961538461536 0.10697115384615384 0.25240384615384615
10 0.15745192307692307 0.38822115384615385 0.13701923076923078 0.2932692307692308
10 0.47475961538461536 0.4074519230769231 0.08413461538461539 0.24158653846153846