1 0.2283653846153846 0.9194711538461539 0.07451923076923077 0.10576923076923077
1 0.2920673076923077 0.84375 0.08173076923076923 0.10096153846153846
1 0.3485576923076923 0.8269230769230769 0.057692307692307696 0.07692307692307693
1 0.43028846153846156 0.8028846153846154 0.05048076923076923 0.06971153846153846
1 0.4987980769230769 0.7896634615384616 0.06009615384615385 0.07211538461538461
1 0.5709134615384616 0.7692307692307693 0.05048076923076923 0.07451923076923077
2 0.09975961538461539 0.2283653846153846 0.09615384615384616 0.11538461538461539
2 0.2668269230769231 0.2956730769230769 0.0673076923076923 0.0889423076923077
2 0.41586538461538464 0.2403846153846154 0.08413461538461539 0.11298076923076923
2 0.3485576923076923 0.29086538461538464 0.057692307692307696 0.07211538461538461
2 0.7560096153846154 0.3329326923076923 0.09134615384615384 0.09375
5 0.8028846153846154 0.578125 0.23317307692307693 0.5961538461538461
5 0.16947115384615385 0.5552884615384616 0.28846153846153844 0.7548076923076923
10 0.7848557692307693 0.5132211538461539 0.17307692307692307 0.2980769230769231
10 0.3088942307692308 0.4855769230769231 0.16105769230769232 0.2692307692307692
10 0.140625 0.4675480769230769 0.19951923076923078 0.3173076923076923
10 0.4543269230769231 0.41586538461538464 0.13701923076923078 0.2548076923076923