2 0.47716346153846156 0.24759615384615385 0.18509615384615385 0.19471153846153846
4 0.15625 0.31490384615384615 0.10336538461538461 0.0625
4 0.48197115384615385 0.3401442307692308 0.1346153846153846 0.07932692307692307
5 0.7872596153846154 0.4951923076923077 0.4254807692307692 0.9903846153846154
5 0.3473557692307692 0.5276442307692307 0.24759615384615385 0.9447115384615384
5 0.15504807692307693 0.5540865384615384 0.23798076923076922 0.8918269230769231
5 0.5276442307692307 0.5661057692307693 0.3870192307692308 0.8653846153846154
2 0.6971153846153846 0.0889423076923077 0.1971153846153846 0.1778846153846154
2 0.34375 0.15264423076923078 0.16826923076923078 0.16105769230769232
4 0.6995192307692307 0.14423076923076922 0.1201923076923077 0.07932692307692307
2 0.14182692307692307 0.22115384615384615 0.1658653846153846 0.16346153846153846