2 0.4951923076923077 0.24639423076923078 0.171875 0.18389423076923078
4 0.16947115384615385 0.29086538461538464 0.09975961538461539 0.056490384615384616
4 0.49278846153846156 0.3389423076923077 0.12980769230769232 0.07091346153846154
5 0.7944711538461539 0.5 0.36658653846153844 1
5 0.34615384615384615 0.5240384615384616 0.18269230769230768 0.9483173076923077
5 0.15264423076923078 0.5408653846153846 0.17548076923076922 0.9026442307692307
5 0.5228365384615384 0.5673076923076923 0.3293269230769231 0.8449519230769231
2 0.7271634615384616 0.09375 0.18509615384615385 0.1875
2 0.36778846153846156 0.14302884615384615 0.15865384615384615 0.1502403846153846
4 0.7235576923076923 0.15865384615384615 0.11538461538461539 0.07211538461538461
2 0.1622596153846154 0.1971153846153846 0.15625 0.15264423076923078