4 0.1875 0.22355769230769232 0.07932692307692307 0.08173076923076923
4 0.8653846153846154 0.31490384615384615 0.0985576923076923 0.0889423076923077
4 0.9555288461538461 0.41225961538461536 0.07211538461538461 0.08653846153846154
4 0.4807692307692308 0.3545673076923077 0.1201923076923077 0.07692307692307693
5 0.9110576923076923 0.5985576923076923 0.1778846153846154 0.8028846153846154
5 0.4543269230769231 0.5889423076923077 0.4567307692307692 0.8221153846153846
5 0.14783653846153846 0.6346153846153846 0.2956730769230769 0.6634615384615384
5 0.21153846153846154 0.5600961538461539 0.32211538461538464 0.8317307692307693
2 0.5 0.2704326923076923 0.21875 0.22115384615384615
2 0.9050480769230769 0.18629807692307693 0.18990384615384615 0.23317307692307693
2 0.9483173076923077 0.2608173076923077 0.10336538461538461 0.25721153846153844
2 0.10697115384615384 0.4182692307692308 0.21394230769230768 0.32211538461538464
2 0.15504807692307693 0.10336538461538461 0.23798076923076922 0.20673076923076922