4 0.12379807692307693 0.31971153846153844 0.08173076923076923 0.08413461538461539
4 0.8004807692307693 0.22115384615384615 0.10096153846153846 0.09134615384615384
4 0.9134615384615384 0.28966346153846156 0.07451923076923077 0.0889423076923077
4 0.4411057692307692 0.36538461538461536 0.1201923076923077 0.07932692307692307
5 0.9014423076923077 0.4831730769230769 0.1971153846153846 0.9038461538461539
5 0.4831730769230769 0.5913461538461539 0.4807692307692308 0.8173076923076923
5 0.14543269230769232 0.6814903846153846 0.29086538461538464 0.6370192307692307
5 0.1045673076923077 0.3161057692307692 0.2091346153846154 0.47836538461538464
5 0.8389423076923077 0.47475961538461536 0.2932692307692308 0.9495192307692307
2 0.4326923076923077 0.28125 0.2283653846153846 0.23557692307692307
2 0.8088942307692307 0.10096153846153846 0.2283653846153846 0.20192307692307693
2 0.8846153846153846 0.13581730769230768 0.16105769230769232 0.24519230769230768
2 0.0889423076923077 0.20432692307692307 0.1778846153846154 0.23557692307692307
2 0.109375 0.5396634615384616 0.21875 0.35336538461538464