4 0.15625 0.26322115384615385 0.07211538461538461 0.0733173076923077
4 0.8401442307692307 0.27163461538461536 0.0889423076923077 0.07932692307692307
4 0.9411057692307693 0.35697115384615385 0.0625 0.07932692307692307
4 0.46274038461538464 0.3581730769230769 0.11298076923076923 0.0625
5 0.9435096153846154 0.5733173076923077 0.11298076923076923 0.8533653846153846
5 0.4675480769230769 0.5997596153846154 0.36177884615384615 0.7932692307692307
5 0.13942307692307693 0.6802884615384616 0.27884615384615385 0.6346153846153846
5 0.22115384615384615 0.5949519230769231 0.22596153846153846 0.8100961538461539
2 0.4723557692307692 0.27163461538461536 0.19471153846153846 0.19951923076923078
2 0.8725961538461539 0.13822115384615385 0.18028846153846154 0.2127403846153846
2 0.9399038461538461 0.20673076923076922 0.1201923076923077 0.2439903846153846
2 0.09495192307692307 0.46875 0.1875 0.3016826923076923
2 0.109375 0.1346153846153846 0.21394230769230768 0.2091346153846154