4 0.15625 0.26322115384615385 0.07211538461538461 0.0733173076923077
4 0.8401442307692307 0.27163461538461536 0.0889423076923077 0.07932692307692307
4 0.9411057692307693 0.35697115384615385 0.0625 0.07932692307692307
4 0.46274038461538464 0.3581730769230769 0.11298076923076923 0.0625
5 0.9350961538461539 0.5528846153846154 0.12980769230769232 0.8942307692307693
5 0.4675480769230769 0.5997596153846154 0.36177884615384615 0.7932692307692307
5 0.1045673076923077 0.6574519230769231 0.2091346153846154 0.6838942307692307
5 0.10697115384615384 0.2512019230769231 0.20673076923076922 0.45072115384615385
5 0.8425480769230769 0.5132211538461539 0.14182692307692307 0.9735576923076923
2 0.4675480769230769 0.27283653846153844 0.19951923076923078 0.20673076923076922
2 0.8701923076923077 0.13942307692307693 0.19831730769230768 0.20552884615384615
2 0.9362980769230769 0.20072115384615385 0.12620192307692307 0.2283653846153846
2 0.10817307692307693 0.13822115384615385 0.21514423076923078 0.20552884615384615
2 0.09735576923076923 0.47716346153846156 0.19110576923076922 0.3269230769230769