2 0.6658653846153846 0.5817307692307693 0.14182692307692307 0.1346153846153846
5 0.6370192307692307 0.7560096153846154 0.31490384615384615 0.4855769230769231
5 0.2644230769230769 0.6790865384615384 0.43509615384615385 0.43990384615384615
5 0.8509615384615384 0.33413461538461536 0.25240384615384615 0.40625
5 0.703125 0.2764423076923077 0.19951923076923078 0.47596153846153844
5 0.1875 0.2439903846153846 0.3557692307692308 0.4879807692307692
5 0.953125 0.2608173076923077 0.04567307692307692 0.09375
4 0.18870192307692307 0.20072115384615385 0.22355769230769232 0.14903846153846154
4 0.6610576923076923 0.6598557692307693 0.07932692307692307 0.052884615384615384
4 0.31009615384615385 0.6742788461538461 0.12740384615384615 0.12980769230769232
4 0.8161057692307693 0.23677884615384615 0.09134615384615384 0.10817307692307693