2 0.6730769230769231 0.5637019230769231 0.12980769230769232 0.12139423076923077
5 0.6634615384615384 0.7403846153846154 0.2692307692307692 0.45913461538461536
5 0.2848557692307692 0.703125 0.3954326923076923 0.4014423076923077
5 0.8317307692307693 0.2980769230769231 0.21394230769230768 0.3870192307692308
5 0.6790865384615384 0.25600961538461536 0.15264423076923078 0.46274038461538464
5 0.16105769230769232 0.2692307692307692 0.3088942307692308 0.47596153846153844
5 0.9254807692307693 0.21514423076923078 0.037259615384615384 0.09014423076923077
4 0.15865384615384615 0.234375 0.21033653846153846 0.12860576923076922
4 0.6766826923076923 0.6418269230769231 0.07451923076923077 0.04447115384615385
4 0.3293269230769231 0.6935096153846154 0.11658653846153846 0.11899038461538461
4 0.7872596153846154 0.20552884615384615 0.08173076923076923 0.09975961538461539