2 0.3641826923076923 0.18389423076923078 0.1814903846153846 0.15985576923076922
2 0.6334134615384616 0.3762019230769231 0.07211538461538461 0.11899038461538461
2 0.7091346153846154 0.41947115384615385 0.05889423076923077 0.08413461538461539
2 0.8028846153846154 0.390625 0.07932692307692307 0.12860576923076922
2 0.9182692307692307 0.42788461538461536 0.06370192307692307 0.06129807692307692
2 0.5865384615384616 0.5012019230769231 0.07211538461538461 0.05048076923076923
2 0.7800480769230769 0.5853365384615384 0.07211538461538461 0.04567307692307692
2 0.9579326923076923 0.5769230769230769 0.08413461538461539 0.0673076923076923
4 0.5841346153846154 0.5420673076923077 0.07451923076923077 0.040865384615384616
4 0.7908653846153846 0.6213942307692307 0.06610576923076923 0.040865384615384616
4 0.9543269230769231 0.6274038461538461 0.07932692307692307 0.027644230769230768