2 0.3317307692307692 0.19951923076923078 0.1971153846153846 0.1778846153846154
2 0.6201923076923077 0.3629807692307692 0.08413461538461539 0.125
2 0.6995192307692307 0.39783653846153844 0.0673076923076923 0.0889423076923077
2 0.7896634615384616 0.359375 0.09134615384615384 0.13701923076923078
2 0.9086538461538461 0.38461538461538464 0.06971153846153846 0.0673076923076923
2 0.5865384615384616 0.49158653846153844 0.07692307692307693 0.057692307692307696
2 0.7872596153846154 0.5552884615384616 0.07692307692307693 0.052884615384615384
2 0.9591346153846154 0.5288461538461539 0.08173076923076923 0.07692307692307693
4 0.5877403846153846 0.5324519230769231 0.07932692307692307 0.04807692307692308
4 0.8016826923076923 0.5901442307692307 0.06971153846153846 0.04807692307692308
4 0.9615384615384616 0.578125 0.07692307692307693 0.036057692307692304