2 0.2091346153846154 0.34615384615384615 0.09134615384615384 0.10576923076923077
2 0.8040865384615384 0.3317307692307692 0.11538461538461539 0.14423076923076922
2 0.6225961538461539 0.34375 0.0985576923076923 0.08653846153846154
2 0.5228365384615384 0.36899038461538464 0.09134615384615384 0.11778846153846154
2 0.10817307692307693 0.390625 0.11298076923076923 0.09375
2 0.359375 0.38100961538461536 0.09375 0.11538461538461539
2 0.7319711538461539 0.41947115384615385 0.10576923076923077 0.10576923076923077
5 0.6262019230769231 0.5588942307692307 0.18028846153846154 0.5288461538461539
5 0.53125 0.5685096153846154 0.18028846153846154 0.4879807692307692
5 0.359375 0.5805288461538461 0.1971153846153846 0.5072115384615384
5 0.7415865384615384 0.5817307692307693 0.1466346153846154 0.45913461538461536
5 0.8425480769230769 0.6201923076923077 0.21394230769230768 0.7307692307692307
5 0.23918269230769232 0.6490384615384616 0.1466346153846154 0.7019230769230769
5 0.1346153846153846 0.6682692307692307 0.1778846153846154 0.6634615384615384