2 0.46875 0.19230769230769232 0.051682692307692304 0.07692307692307693
2 0.6201923076923077 0.19591346153846154 0.051682692307692304 0.08413461538461539
2 0.6694711538461539 0.20673076923076922 0.054086538461538464 0.0829326923076923
5 0.5096153846153846 0.2091346153846154 0.04567307692307692 0.16706730769230768
5 0.2608173076923077 0.2127403846153846 0.06971153846153846 0.21754807692307693
5 0.6237980769230769 0.5 0.06370192307692307 0.7439903846153846
5 0.39903846153846156 0.5060096153846154 0.09735576923076923 0.7776442307692307
5 0.5600961538461539 0.5180288461538461 0.11177884615384616 0.8100961538461539
5 0.6838942307692307 0.5276442307692307 0.10576923076923077 0.7259615384615384
5 0.2127403846153846 0.5360576923076923 0.11057692307692307 0.8329326923076923
5 0.48197115384615385 0.5456730769230769 0.09975961538461539 0.8161057692307693
5 0.3233173076923077 0.5456730769230769 0.11177884615384616 0.8209134615384616
5 0.11298076923076923 0.5576923076923077 0.13942307692307693 0.8725961538461539
2 0.421875 0.12259615384615384 0.04567307692307692 0.07692307692307693
2 0.20072115384615385 0.15745192307692307 0.055288461538461536 0.09975961538461539
2 0.25600961538461536 0.16105769230769232 0.042067307692307696 0.06610576923076923
2 0.515625 0.16105769230769232 0.042067307692307696 0.08413461538461539
2 0.38221153846153844 0.16105769230769232 0.05048076923076923 0.07091346153846154
2 0.3269230769230769 0.1622596153846154 0.055288461538461536 0.0733173076923077
5 0.4266826923076923 0.17427884615384615 0.06490384615384616 0.1875
2 0.5552884615384616 0.17668269230769232 0.05048076923076923 0.09014423076923077
2 0.12139423076923077 0.18389423076923078 0.06129807692307692 0.08653846153846154
1 0.1935096153846154 0.8966346153846154 0.057692307692307696 0.0889423076923077
1 0.23798076923076922 0.8737980769230769 0.055288461538461536 0.0733173076923077