2 0.5072115384615384 0.18269230769230768 0.07451923076923077 0.09134615384615384
2 0.13701923076923078 0.2704326923076923 0.07932692307692307 0.09615384615384616
2 0.6802884615384616 0.38341346153846156 0.08173076923076923 0.08653846153846154
2 0.32211538461538464 0.6634615384615384 0.09615384615384616 0.11298076923076923
10 0.7884615384615384 0.4110576923076923 0.13701923076923078 0.18028846153846154
5 0.7524038461538461 0.47716346153846156 0.2764423076923077 0.37259615384615385
5 0.15144230769230768 0.4026442307692308 0.20192307692307693 0.3485576923076923
5 0.3485576923076923 0.7596153846153846 0.2091346153846154 0.28846153846153844
5 0.546875 0.25721153846153844 0.17548076923076922 0.3293269230769231
1 0.7836538461538461 0.6213942307692307 0.07211538461538461 0.057692307692307696
1 0.5 0.3317307692307692 0.06009615384615385 0.0673076923076923
1 0.1814903846153846 0.5216346153846154 0.07451923076923077 0.07451923076923077
3 0.5649038461538461 0.3449519230769231 0.05048076923076923 0.052884615384615384
3 0.42788461538461536 0.7043269230769231 0.028846153846153848 0.055288461538461536
3 0.21514423076923078 0.3485576923076923 0.04567307692307692 0.04567307692307692
3 0.10336538461538461 0.45552884615384615 0.04807692307692308 0.0625