2 0.7800480769230769 0.16826923076923078 0.10336538461538461 0.09375
2 0.6370192307692307 0.2704326923076923 0.07211538461538461 0.07211538461538461
2 0.39663461538461536 0.3125 0.04807692307692308 0.055288461538461536
2 0.5228365384615384 0.34975961538461536 0.06971153846153846 0.08173076923076923
5 0.4254807692307692 0.5360576923076923 0.18990384615384615 0.5384615384615384
5 0.8485576923076923 0.5516826923076923 0.2692307692307692 0.8701923076923077
5 0.5817307692307693 0.6598557692307693 0.17548076923076922 0.5096153846153846
5 0.6826923076923077 0.5817307692307693 0.2091346153846154 0.6995192307692307
1 0.49278846153846156 0.7211538461538461 0.052884615384615384 0.057692307692307696
1 0.5072115384615384 0.8497596153846154 0.07451923076923077 0.05048076923076923
1 0.5961538461538461 0.7764423076923077 0.052884615384615384 0.07211538461538461
1 0.6382211538461539 0.8858173076923077 0.09134615384615384 0.06009615384615385
1 0.7596153846153846 0.8617788461538461 0.06490384615384616 0.08653846153846154
1 0.7992788461538461 0.9567307692307693 0.10817307692307693 0.06009615384615385
1 0.8990384615384616 0.9038461538461539 0.04567307692307692 0.09375
1 0.3894230769230769 0.7704326923076923 0.0625 0.04807692307692308