2 0.453125 0.43990384615384615 0.12740384615384615 0.16105769230769232
2 0.31009615384615385 0.09375 0.11778846153846154 0.13701923076923078
4 0.6754807692307693 0.06009615384615385 0.03125 0.028846153846153848
2 0.49278846153846156 0.1141826923076923 0.055288461538461536 0.052884615384615384
4 0.3293269230769231 0.15264423076923078 0.055288461538461536 0.036057692307692304
5 0.10576923076923077 0.22716346153846154 0.21153846153846154 0.3293269230769231
5 0.7932692307692307 0.3894230769230769 0.3317307692307692 0.7788461538461539
5 0.3401442307692308 0.2764423076923077 0.27884615384615385 0.49759615384615385
5 0.41466346153846156 0.6153846153846154 0.3870192307692308 0.47836538461538464
5 0.5192307692307693 0.18990384615384615 0.12259615384615384 0.1971153846153846
5 0.10576923076923077 0.22716346153846154 0.21153846153846154 0.3293269230769231
5 0.7932692307692307 0.3894230769230769 0.3317307692307692 0.7788461538461539
5 0.3401442307692308 0.2764423076923077 0.27884615384615385 0.49759615384615385
5 0.41466346153846156 0.6153846153846154 0.3870192307692308 0.47836538461538464
5 0.5192307692307693 0.18990384615384615 0.12259615384615384 0.1971153846153846