2 0.796875 0.18389423076923078 0.09975961538461539 0.08774038461538461
2 0.6490384615384616 0.2776442307692308 0.06971153846153846 0.06971153846153846
2 0.40625 0.3076923076923077 0.04567307692307692 0.052884615384615384
2 0.53125 0.35096153846153844 0.06490384615384616 0.078125
5 0.42427884615384615 0.5324519230769231 0.16346153846153846 0.53125
5 0.8449519230769231 0.5697115384615384 0.2247596153846154 0.859375
5 0.5733173076923077 0.6634615384615384 0.14903846153846154 0.5036057692307693
5 0.6778846153846154 0.5913461538461539 0.17427884615384615 0.6911057692307693
1 0.4807692307692308 0.7199519230769231 0.04927884615384615 0.054086538461538464
1 0.4891826923076923 0.8497596153846154 0.0733173076923077 0.04567307692307692
1 0.5817307692307693 0.78125 0.04927884615384615 0.06850961538461539
1 0.6177884615384616 0.8930288461538461 0.08774038461538461 0.055288461538461536
1 0.7403846153846154 0.875 0.06009615384615385 0.0829326923076923
1 0.7752403846153846 0.9723557692307693 0.10576923076923077 0.055288461538461536
1 0.8774038461538461 0.9242788461538461 0.042067307692307696 0.09254807692307693
1 0.375 0.7644230769230769 0.06009615384615385 0.04447115384615385