2 0.16346153846153846 0.10817307692307693 0.08413461538461539 0.08173076923076923
2 0.27283653846153844 0.17908653846153846 0.04807692307692308 0.052884615384615384
2 0.4110576923076923 0.16105769230769232 0.05048076923076923 0.05048076923076923
2 0.47596153846153844 0.17668269230769232 0.055288461538461536 0.07451923076923077
2 0.8858173076923077 0.20673076923076922 0.04567307692307692 0.04567307692307692
2 0.9447115384615384 0.09975961538461539 0.08413461538461539 0.07932692307692307
1 0.8762019230769231 0.7788461538461539 0.07932692307692307 0.05048076923076923
1 0.6165865384615384 0.6502403846153846 0.055288461538461536 0.028846153846153848
1 0.6850961538461539 0.6514423076923077 0.03365384615384615 0.026442307692307692
1 0.45913461538461536 0.6430288461538461 0.04807692307692308 0.036057692307692304
2 0.6838942307692307 0.13701923076923078 0.08413461538461539 0.055288461538461536
5 0.9086538461538461 0.43149038461538464 0.17548076923076922 0.7451923076923077
5 0.8858173076923077 0.36778846153846156 0.09375 0.41346153846153844
5 0.6694711538461539 0.3870192307692308 0.16105769230769232 0.5673076923076923
5 0.47475961538461536 0.39903846153846156 0.15384615384615385 0.5264423076923077
5 0.39302884615384615 0.39663461538461536 0.12259615384615384 0.5216346153846154
4 0.4074519230769231 0.18389423076923078 0.055288461538461536 0.038461538461538464
5 0.26322115384615385 0.41947115384615385 0.12740384615384615 0.5552884615384616
4 0.2692307692307692 0.21153846153846154 0.055288461538461536 0.028846153846153848
5 0.13581730769230768 0.40625 0.18028846153846154 0.7043269230769231