1 0.2536057692307692 0.984375 0.07451923076923077 0.03125
1 0.3401442307692308 0.953125 0.04807692307692308 0.057692307692307696
1 0.3786057692307692 0.9399038461538461 0.06009615384615385 0.0625
1 0.5721153846153846 0.8377403846153846 0.03365384615384615 0.057692307692307696
2 0.11899038461538461 0.39302884615384615 0.10096153846153846 0.09615384615384616
2 0.030048076923076924 0.39663461538461536 0.06009615384615385 0.125
2 0.19110576923076922 0.46153846153846156 0.09134615384615384 0.09134615384615384
2 0.3076923076923077 0.39302884615384615 0.055288461538461536 0.06971153846153846
2 0.46033653846153844 0.39903846153846156 0.05048076923076923 0.05048076923076923
2 0.5192307692307693 0.4050480769230769 0.04326923076923077 0.05048076923076923
2 0.5793269230769231 0.4254807692307692 0.06009615384615385 0.052884615384615384
2 0.6598557692307693 0.38822115384615385 0.052884615384615384 0.06490384615384616
2 0.7079326923076923 0.41225961538461536 0.07692307692307693 0.06971153846153846
2 0.8485576923076923 0.43149038461538464 0.0889423076923077 0.07692307692307693