1 0.03125 0.7451923076923077 0.0625 0.08173076923076923
1 0.2127403846153846 0.7403846153846154 0.09615384615384616 0.06490384615384616
1 0.2620192307692308 0.7776442307692307 0.0985576923076923 0.09615384615384616
1 0.4699519230769231 0.8161057692307693 0.07932692307692307 0.08413461538461539
1 0.42788461538461536 0.7764423076923077 0.07211538461538461 0.057692307692307696
1 0.5913461538461539 0.8485576923076923 0.0985576923076923 0.07451923076923077
1 0.6334134615384616 0.8858173076923077 0.0889423076923077 0.08173076923076923
1 0.7872596153846154 0.9158653846153846 0.12259615384615384 0.06971153846153846
1 0.8293269230769231 0.9627403846153846 0.1346153846153846 0.07451923076923077
2 0.11298076923076923 0.15985576923076922 0.11057692307692307 0.10096153846153846
2 0.3581730769230769 0.23197115384615385 0.10336538461538461 0.09134615384615384
2 0.5588942307692307 0.2800480769230769 0.0985576923076923 0.08413461538461539
2 0.7572115384615384 0.2920673076923077 0.10576923076923077 0.07451923076923077
2 0.9483173076923077 0.22956730769230768 0.10336538461538461 0.12740384615384615