2 0.1622596153846154 0.33653846153846156 0.06009615384615385 0.06490384615384616
2 0.8509615384615384 0.3713942307692308 0.0625 0.05889423076923077
2 0.7596153846153846 0.38100961538461536 0.06009615384615385 0.07572115384615384
2 0.24639423076923078 0.39783653846153844 0.04927884615384615 0.05889423076923077
2 0.5865384615384616 0.39783653846153844 0.05048076923076923 0.052884615384615384
2 0.43509615384615385 0.40865384615384615 0.046875 0.06129807692307692
2 0.6754807692307693 0.4110576923076923 0.056490384615384616 0.04927884615384615
2 0.34134615384615385 0.4170673076923077 0.04326923076923077 0.055288461538461536
2 0.5192307692307693 0.4362980769230769 0.04447115384615385 0.046875
5 0.12980769230769232 0.6057692307692307 0.14423076923076922 0.6322115384615384
5 0.8629807692307693 0.6189903846153846 0.10697115384615384 0.5709134615384616
5 0.5973557692307693 0.6310096153846154 0.09975961538461539 0.5420673076923077
5 0.25240384615384615 0.6334134615384616 0.11899038461538461 0.5180288461538461
5 0.7680288461538461 0.6334134615384616 0.09735576923076923 0.5528846153846154
5 0.5120192307692307 0.6382211538461539 0.07572115384615384 0.4807692307692308
5 0.4254807692307692 0.6490384615384616 0.11538461538461539 0.5528846153846154
5 0.3389423076923077 0.6502403846153846 0.078125 0.5276442307692307
5 0.6826923076923077 0.6526442307692307 0.09735576923076923 0.515625