2 0.1346153846153846 0.4170673076923077 0.07211538461538461 0.07692307692307693
2 0.8125 0.2956730769230769 0.07451923076923077 0.07211538461538461
2 0.7259615384615384 0.32572115384615385 0.07451923076923077 0.08653846153846154
2 0.22956730769230768 0.4579326923076923 0.06009615384615385 0.0673076923076923
2 0.5612980769230769 0.38100961538461536 0.06009615384615385 0.0625
2 0.41586538461538464 0.4254807692307692 0.06009615384615385 0.06971153846153846
2 0.6514423076923077 0.3737980769230769 0.0673076923076923 0.06009615384615385
2 0.3269230769230769 0.4543269230769231 0.055288461538461536 0.0625
2 0.5048076923076923 0.4338942307692308 0.052884615384615384 0.055288461538461536
5 0.16346153846153846 0.6802884615384616 0.28365384615384615 0.6394230769230769
5 0.8810096153846154 0.5348557692307693 0.23317307692307693 0.5793269230769231
5 0.6237980769230769 0.6057692307692307 0.21875 0.5504807692307693
5 0.28846153846153844 0.6850961538461539 0.23317307692307693 0.53125
5 0.7908653846153846 0.5697115384615384 0.21875 0.5600961538461539
5 0.5432692307692307 0.6322115384615384 0.18269230769230768 0.4855769230769231
5 0.46033653846153844 0.6622596153846154 0.23798076923076922 0.5649038461538461
5 0.37740384615384615 0.6826923076923077 0.19471153846153846 0.53125
5 0.7127403846153846 0.6081730769230769 0.21153846153846154 0.5240384615384616