2 0.7211538461538461 0.10817307692307693 0.15144230769230768 0.15144230769230768
2 0.44350961538461536 0.1814903846153846 0.15144230769230768 0.14903846153846154
2 0.28725961538461536 0.23197115384615385 0.14903846153846154 0.15384615384615385
2 0.5745192307692307 0.18870192307692307 0.14903846153846154 0.15384615384615385
2 0.13341346153846154 0.2932692307692308 0.14903846153846154 0.15384615384615385
5 0.7824519230769231 0.4495192307692308 0.3173076923076923 0.8365384615384616
5 0.7860576923076923 0.45072115384615385 0.3173076923076923 0.8365384615384616
5 0.4675480769230769 0.5336538461538461 0.3173076923076923 0.8365384615384616
5 0.328125 0.5625 0.3173076923076923 0.8365384615384616
5 0.6322115384615384 0.5144230769230769 0.3173076923076923 0.8365384615384616
5 0.18509615384615385 0.6057692307692307 0.3173076923076923 0.7884615384615384