2 0.24519230769230768 0.051682692307692304 0.09615384615384616 0.09375
2 0.3389423076923077 0.14182692307692307 0.057692307692307696 0.06009615384615385
2 0.47716346153846156 0.1502403846153846 0.057692307692307696 0.057692307692307696
2 0.5384615384615384 0.1778846153846154 0.0673076923076923 0.08173076923076923
2 0.9338942307692307 0.2860576923076923 0.052884615384615384 0.052884615384615384
2 0.984375 0.18629807692307693 0.03125 0.09375
1 0.8161057692307693 0.8461538461538461 0.08653846153846154 0.0625
1 0.5853365384615384 0.6706730769230769 0.06009615384615385 0.038461538461538464
1 0.6526442307692307 0.6838942307692307 0.038461538461538464 0.03125
1 0.4326923076923077 0.6322115384615384 0.052884615384615384 0.04567307692307692
2 0.7487980769230769 0.17908653846153846 0.09375 0.06971153846153846
4 0.4699519230769231 0.171875 0.06009615384615385 0.04807692307692308
4 0.3293269230769231 0.17307692307692307 0.06009615384615385 0.038461538461538464