2 0.36538461538461536 0.25961538461538464 0.03245192307692308 0.05889423076923077
2 0.6105769230769231 0.2776442307692308 0.042067307692307696 0.05048076923076923
2 0.5228365384615384 0.2956730769230769 0.027644230769230768 0.05048076923076923
5 0.5012019230769231 0.3581730769230769 0.08413461538461539 0.18389423076923078
5 0.4110576923076923 0.38100961538461536 0.08173076923076923 0.3701923076923077
2 0.33653846153846156 0.38341346153846156 0.038461538461538464 0.07091346153846154
2 0.6802884615384616 0.38341346153846156 0.046875 0.07451923076923077
2 0.5949519230769231 0.4098557692307692 0.04807692307692308 0.07932692307692307
2 0.09014423076923077 0.5288461538461539 0.052884615384615384 0.07932692307692307
5 0.3269230769230769 0.5348557692307693 0.09254807692307693 0.39783653846153844
5 0.5961538461538461 0.6021634615384616 0.09495192307692307 0.4543269230769231
5 0.2247596153846154 0.6129807692307693 0.08173076923076923 0.3701923076923077
2 0.765625 0.6502403846153846 0.040865384615384616 0.05048076923076923
2 0.8125 0.6514423076923077 0.036057692307692304 0.07451923076923077
5 0.11057692307692307 0.6814903846153846 0.09375 0.21875
2 0.49038461538461536 0.734375 0.04567307692307692 0.08173076923076923
5 0.8689903846153846 0.734375 0.13942307692307693 0.22235576923076922
5 0.7403846153846154 0.7391826923076923 0.109375 0.234375
5 0.4483173076923077 0.7848557692307693 0.14783653846153846 0.20673076923076922
2 0.4050480769230769 0.2247596153846154 0.046875 0.05048076923076923