2 0.7632211538461539 0.15745192307692307 0.07211538461538461 0.08653846153846154
2 0.4831730769230769 0.24278846153846154 0.06009615384615385 0.09375
2 0.6274038461538461 0.2439903846153846 0.052884615384615384 0.07692307692307693
2 0.3629807692307692 0.2980769230769231 0.06009615384615385 0.06971153846153846
2 0.24759615384615385 0.32211538461538464 0.05048076923076923 0.07451923076923077
5 0.6887019230769231 0.39663461538461536 0.17548076923076922 0.41346153846153844
5 0.8137019230769231 0.39302884615384615 0.24278846153846154 0.5649038461538461
5 0.3954326923076923 0.46153846153846156 0.14903846153846154 0.42788461538461536
5 0.5336538461538461 0.5168269230769231 0.20192307692307693 0.3894230769230769
2 0.17307692307692307 0.6358173076923077 0.08653846153846154 0.18028846153846154
5 0.30288461538461536 0.6971153846153846 0.3557692307692308 0.5048076923076923