5 0.38341346153846156 0.5036057692307693 0.40625 0.8774038461538461
5 0.7271634615384616 0.5120192307692307 0.4206730769230769 0.9639423076923077
5 0.1310096153846154 0.5336538461538461 0.2620192307692308 0.9326923076923077
2 0.6286057692307693 0.1658653846153846 0.21394230769230768 0.24519230769230768
2 0.1045673076923077 0.21394230769230768 0.2091346153846154 0.25961538461538464
2 0.38221153846153844 0.21754807692307693 0.21875 0.2860576923076923
4 0.12379807692307693 0.3401442307692308 0.15384615384615385 0.1346153846153846
4 0.38341346153846156 0.3137019230769231 0.1466346153846154 0.09375
10 0.7764423076923077 0.7007211538461539 0.3798076923076923 0.5865384615384616
10 0.39783653846153844 0.6983173076923077 0.3629807692307692 0.47836538461538464
10 0.12379807692307693 0.7439903846153846 0.24759615384615385 0.5120192307692307
4 0.6394230769230769 0.2860576923076923 0.15865384615384615 0.09375