2 0.5456730769230769 0.18629807692307693 0.06370192307692307 0.08533653846153846
2 0.16706730769230768 0.2283653846153846 0.06971153846153846 0.0889423076923077
2 0.6935096153846154 0.40625 0.07211538461538461 0.078125
2 0.30408653846153844 0.640625 0.08413461538461539 0.1045673076923077
10 0.796875 0.44711538461538464 0.11778846153846154 0.16826923076923078
5 0.7536057692307693 0.5084134615384616 0.23557692307692307 0.34615384615384615
5 0.1658653846153846 0.3605769230769231 0.1622596153846154 0.3317307692307692
5 0.31850961538461536 0.7391826923076923 0.1778846153846154 0.26802884615384615
5 0.5757211538461539 0.2644230769230769 0.13822115384615385 0.3137019230769231
1 0.7668269230769231 0.6550480769230769 0.0673076923076923 0.04927884615384615
1 0.5204326923076923 0.3329326923076923 0.051682692307692304 0.0625
1 0.1814903846153846 0.4831730769230769 0.06610576923076923 0.06610576923076923
3 0.5829326923076923 0.35336538461538464 0.04447115384615385 0.04807692307692308
3 0.40384615384615385 0.6935096153846154 0.021634615384615384 0.054086538461538464
3 0.23557692307692307 0.31490384615384615 0.042067307692307696 0.040865384615384616
3 0.11177884615384616 0.4074519230769231 0.040865384615384616 0.057692307692307696