2 0.8137019230769231 0.203125 0.06129807692307692 0.078125
2 0.5240384615384616 0.24278846153846154 0.046875 0.08653846153846154
2 0.6658653846153846 0.2668269230769231 0.04326923076923077 0.07211538461538461
2 0.39663461538461536 0.27884615384615385 0.05048076923076923 0.06370192307692307
2 0.27884615384615385 0.2848557692307692 0.040865384615384616 0.06971153846153846
5 0.7019230769230769 0.42788461538461536 0.11538461538461539 0.40024038461538464
5 0.8269230769230769 0.44350961538461536 0.15985576923076922 0.546875
5 0.4026442307692308 0.44591346153846156 0.08413461538461539 0.41947115384615385
5 0.5300480769230769 0.5216346153846154 0.14423076923076922 0.37259615384615385
2 0.15625 0.5829326923076923 0.06129807692307692 0.171875
5 0.27403846153846156 0.6634615384615384 0.2860576923076923 0.46634615384615385