1 0.09375 0.8449519230769231 0.05889423076923077 0.06971153846153846
1 0.27403846153846156 0.7992788461538461 0.0889423076923077 0.046875
1 0.33052884615384615 0.8245192307692307 0.08173076923076923 0.07932692307692307
1 0.5420673076923077 0.8149038461538461 0.06610576923076923 0.07091346153846154
1 0.49158653846153844 0.7860576923076923 0.06370192307692307 0.04567307692307692
1 0.6670673076923077 0.8197115384615384 0.0889423076923077 0.056490384615384616
1 0.7163461538461539 0.8461538461538461 0.07692307692307693 0.06610576923076923
1 0.8737980769230769 0.8401442307692307 0.11538461538461539 0.04567307692307692
1 0.9266826923076923 0.8822115384615384 0.12379807692307693 0.057692307692307696
2 0.046875 0.25600961538461536 0.09375 0.08173076923076923
2 0.3016826923076923 0.2704326923076923 0.0889423076923077 0.0733173076923077
2 0.5084134615384616 0.27283653846153844 0.08533653846153846 0.0673076923076923
2 0.7043269230769231 0.23918269230769232 0.09735576923076923 0.052884615384615384
2 0.890625 0.13341346153846154 0.109375 0.10576923076923077