2 0.5637019230769231 0.08653846153846154 0.15625 0.17307692307692307
2 0.24759615384615385 0.22235576923076922 0.1658653846153846 0.1778846153846154
2 0.8786057692307693 0.17427884615384615 0.12740384615384615 0.1971153846153846
2 0.4423076923076923 0.2800480769230769 0.17067307692307693 0.2283653846153846
5 0.17307692307692307 0.5204326923076923 0.34615384615384615 0.9254807692307693
5 0.3076923076923077 0.5168269230769231 0.3173076923076923 0.8413461538461539
5 0.6899038461538461 0.484375 0.4519230769230769 0.96875
5 0.8605769230769231 0.5168269230769231 0.27884615384615385 0.8125
5 0.47836538461538464 0.5829326923076923 0.36778846153846156 0.8317307692307693
2 0.19230769230769232 0.8798076923076923 0.20673076923076922 0.2403846153846154
4 0.5949519230769231 0.21394230769230768 0.1466346153846154 0.09615384615384616
4 0.27163461538461536 0.3112980769230769 0.11298076923076923 0.07451923076923077
4 0.9362980769230769 0.27524038461538464 0.07932692307692307 0.09134615384615384
4 0.8810096153846154 0.2608173076923077 0.07932692307692307 0.06490384615384616
4 0.4543269230769231 0.39903846153846156 0.12259615384615384 0.07451923076923077