2 0.3870192307692308 0.4567307692307692 0.07692307692307693 0.07451923076923077
2 0.2439903846153846 0.49038461538461536 0.09615384615384616 0.11057692307692307
2 0.32572115384615385 0.48677884615384615 0.05048076923076923 0.055288461538461536
2 0.4411057692307692 0.46634615384615385 0.036057692307692304 0.052884615384615384
2 0.6502403846153846 0.4266826923076923 0.04326923076923077 0.052884615384615384
2 0.5528846153846154 0.4567307692307692 0.055288461538461536 0.0625
2 0.7043269230769231 0.4338942307692308 0.0673076923076923 0.07211538461538461
5 0.6706730769230769 0.5060096153846154 0.0985576923076923 0.24519230769230768
5 0.359375 0.6394230769230769 0.15384615384615385 0.38461538461538464
5 0.5961538461538461 0.6009615384615384 0.16346153846153846 0.375
5 0.7439903846153846 0.6045673076923077 0.18269230769230768 0.3942307692307692
5 0.28125 0.7127403846153846 0.28365384615384615 0.5745192307692307
5 0.453125 0.7007211538461539 0.28125 0.5985576923076923
1 0.3293269230769231 0.9867788461538461 0.0625 0.026442307692307692
1 0.37740384615384615 0.9915865384615384 0.04807692307692308 0.016826923076923076