2 0.8028846153846154 0.13701923076923078 0.06490384615384616 0.07211538461538461
2 0.2932692307692308 0.25 0.057692307692307696 0.06971153846153846
2 0.6394230769230769 0.19230769230769232 0.0673076923076923 0.0673076923076923
2 0.3894230769230769 0.2548076923076923 0.06490384615384616 0.0673076923076923
2 0.15865384615384615 0.30408653846153844 0.06009615384615385 0.07932692307692307
2 0.46153846153846156 0.24759615384615385 0.06009615384615385 0.07932692307692307
2 0.013221153846153846 0.36899038461538464 0.026442307692307692 0.07932692307692307
2 0.5504807692307693 0.25721153846153844 0.0625 0.07932692307692307
2 0.24278846153846154 0.3425480769230769 0.06490384615384616 0.07932692307692307
2 0.08774038461538461 0.40625 0.06009615384615385 0.07932692307692307
5 0.7956730769230769 0.49038461538461536 0.29086538461538464 0.8990384615384616
5 0.90625 0.4675480769230769 0.1875 0.8725961538461539
5 0.3786057692307692 0.6033653846153846 0.2668269230769231 0.7932692307692307
5 0.47115384615384615 0.6021634615384616 0.2548076923076923 0.7956730769230769
5 0.7211538461538461 0.5552884615384616 0.25961538461538464 0.8028846153846154
5 0.24158653846153846 0.6286057692307693 0.2620192307692308 0.7427884615384616
5 0.5456730769230769 0.5973557692307693 0.25 0.7908653846153846
5 0.09735576923076923 0.6586538461538461 0.19471153846153846 0.6826923076923077
5 0.6370192307692307 0.5877403846153846 0.25961538461538464 0.7764423076923077
5 0.31009615384615385 0.6502403846153846 0.22596153846153846 0.6995192307692307
5 0.16105769230769232 0.6754807692307693 0.23076923076923078 0.6490384615384616
2 0.6947115384615384 0.09375 0.07451923076923077 0.0889423076923077
2 0.7596153846153846 0.12980769230769232 0.0625 0.07451923076923077
2 0.8677884615384616 0.10817307692307693 0.10336538461538461 0.11298076923076923
4 0.30528846153846156 0.296875 0.05048076923076923 0.036057692307692304