2 0.21754807692307693 0.3317307692307692 0.08533653846153846 0.10096153846153846
2 0.8125 0.3473557692307692 0.109375 0.13822115384615385
2 0.6310096153846154 0.35096153846153844 0.09375 0.0829326923076923
2 0.5300480769230769 0.3701923076923077 0.08533653846153846 0.1141826923076923
2 0.1141826923076923 0.3701923076923077 0.10817307692307693 0.0889423076923077
2 0.36538461538461536 0.3737980769230769 0.08774038461538461 0.11177884615384616
2 0.7355769230769231 0.43149038461538464 0.10096153846153846 0.10096153846153846
5 0.6225961538461539 0.5649038461538461 0.15384615384615385 0.5204326923076923
5 0.5276442307692307 0.5697115384615384 0.15504807692307693 0.4795673076923077
5 0.3557692307692308 0.5733173076923077 0.17067307692307693 0.5
5 0.7367788461538461 0.59375 0.12259615384615384 0.453125
5 0.8353365384615384 0.6382211538461539 0.17548076923076922 0.7235576923076923
5 0.23076923076923078 0.6430288461538461 0.109375 0.7139423076923077
5 0.12740384615384615 0.6550480769230769 0.14423076923076922 0.6694711538461539