2 0.7103365384615384 0.33413461538461536 0.07572115384615384 0.10817307692307693
5 0.3004807692307692 0.47716346153846156 0.13341346153846154 0.4675480769230769
5 0.7019230769230769 0.5132211538461539 0.14423076923076922 0.49399038461538464
5 0.11057692307692307 0.5216346153846154 0.19230769230769232 0.8846153846153846
5 0.8617788461538461 0.59375 0.2644230769230769 0.7860576923076923
5 0.4651442307692308 0.6201923076923077 0.17067307692307693 0.6814903846153846
5 0.6213942307692307 0.625 0.1310096153846154 0.7235576923076923
2 0.1141826923076923 0.17908653846153846 0.19110576923076922 0.1935096153846154
2 0.8653846153846154 0.2620192307692308 0.21514423076923078 0.25961538461538464
2 0.6105769230769231 0.2980769230769231 0.057692307692307696 0.08173076923076923
2 0.28846153846153844 0.3076923076923077 0.06850961538461539 0.09495192307692307
2 0.4651442307692308 0.3269230769230769 0.078125 0.11538461538461539
4 0.14903846153846154 0.2668269230769231 0.10096153846153846 0.06129807692307692
4 0.2920673076923077 0.34615384615384615 0.0673076923076923 0.03365384615384615
4 0.609375 0.3401442307692308 0.05048076923076923 0.037259615384615384
4 0.703125 0.3641826923076923 0.06129807692307692 0.04326923076923077
4 0.8269230769230769 0.375 0.06850961538461539 0.08173076923076923
4 0.47115384615384615 0.3713942307692308 0.054086538461538464 0.03485576923076923