2 0.8557692307692307 0.25240384615384615 0.11538461538461539 0.10576923076923077
2 0.6923076923076923 0.3137019230769231 0.08173076923076923 0.08173076923076923
2 0.4387019230769231 0.29447115384615385 0.06490384615384616 0.07211538461538461
2 0.5516826923076923 0.3629807692307692 0.07211538461538461 0.07211538461538461
5 0.42908653846153844 0.49158653846153844 0.22115384615384615 0.4951923076923077
5 0.8125 0.5985576923076923 0.375 0.8028846153846154
5 0.5396634615384616 0.5805288461538461 0.25 0.5240384615384616
5 0.6550480769230769 0.6262019230769231 0.31490384615384615 0.7115384615384616
4 0.8545673076923077 0.28966346153846156 0.0889423076923077 0.06009615384615385
1 0.31971153846153844 0.7259615384615384 0.08173076923076923 0.06490384615384616
1 0.4362980769230769 0.71875 0.06009615384615385 0.057692307692307696
1 0.42427884615384615 0.8401442307692307 0.07932692307692307 0.06971153846153846
1 0.5300480769230769 0.7992788461538461 0.055288461538461536 0.057692307692307696
1 0.5288461538461539 0.9074519230769231 0.0889423076923077 0.06490384615384616
1 0.6598557692307693 0.9170673076923077 0.0625 0.0889423076923077
1 0.6754807692307693 0.9903846153846154 0.11057692307692307 0.019230769230769232
1 0.7800480769230769 0.9723557692307693 0.06971153846153846 0.055288461538461536