5 0.0889423076923077 0.8161057692307693 0.0985576923076923 0.36778846153846156
5 0.17908653846153846 0.8257211538461539 0.17668269230769232 0.3485576923076923
2 0.38341346153846156 0.8509615384615384 0.09254807692307693 0.1201923076923077
2 0.3641826923076923 0.9146634615384616 0.1466346153846154 0.17067307692307693
2 0.5252403846153846 0.9759615384615384 0.1310096153846154 0.04807692307692308
2 0.25721153846153844 0.32091346153846156 0.08052884615384616 0.08533653846153846
2 0.5180288461538461 0.3269230769230769 0.11298076923076923 0.1466346153846154
2 0.37259615384615385 0.34375 0.08653846153846154 0.09254807692307693
5 0.4567307692307692 0.34615384615384615 0.028846153846153848 0.0829326923076923
2 0.018028846153846152 0.4098557692307692 0.036057692307692304 0.06850961538461539
5 0.5949519230769231 0.43149038461538464 0.11658653846153846 0.22355769230769232
5 0.6778846153846154 0.43990384615384615 0.06610576923076923 0.3245192307692308
5 0.23918269230769232 0.4855769230769231 0.13581730769230768 0.43028846153846156
5 0.7848557692307693 0.5204326923076923 0.20072115384615385 0.4855769230769231
5 0.35096153846153844 0.5432692307692307 0.11538461538461539 0.5108173076923077
5 0.48677884615384615 0.59375 0.14903846153846154 0.6899038461538461
5 0.9290865384615384 0.65625 0.14182692307692307 0.4963942307692308
5 0.026442307692307692 0.6742788461538461 0.052884615384615384 0.6274038461538461
2 0.09495192307692307 0.6899038461538461 0.08413461538461539 0.12259615384615384
2 0.17668269230769232 0.7151442307692307 0.11298076923076923 0.12259615384615384