2 0.3581730769230769 0.3137019230769231 0.055288461538461536 0.055288461538461536
2 0.28125 0.33653846153846156 0.05048076923076923 0.04567307692307692
2 0.42908653846153844 0.3112980769230769 0.036057692307692304 0.036057692307692304
2 0.5036057692307693 0.31009615384615385 0.036057692307692304 0.038461538461538464
2 0.5516826923076923 0.32211538461538464 0.03125 0.03365384615384615
2 0.6262019230769231 0.33052884615384615 0.036057692307692304 0.03125
5 0.39302884615384615 0.5 0.15865384615384615 0.42788461538461536
5 0.46634615384615385 0.4891826923076923 0.1466346153846154 0.41346153846153844
5 0.5324519230769231 0.47475961538461536 0.125 0.3798076923076923
5 0.5829326923076923 0.47115384615384615 0.11298076923076923 0.3293269230769231
5 0.6466346153846154 0.4651442307692308 0.12740384615384615 0.3317307692307692
5 0.3137019230769231 0.5420673076923077 0.16346153846153846 0.4543269230769231
5 0.8413461538461539 0.49278846153846156 0.2764423076923077 0.7139423076923077
2 0.78125 0.18269230769230768 0.07692307692307693 0.08173076923076923