5 0.38341346153846156 0.49759615384615385 0.3605769230769231 0.8605769230769231
5 0.7259615384615384 0.5240384615384616 0.3713942307692308 0.9459134615384616
5 0.11778846153846154 0.5252403846153846 0.23557692307692307 0.9447115384615384
2 0.6454326923076923 0.17307692307692307 0.203125 0.234375
2 0.11538461538461539 0.19471153846153846 0.20793269230769232 0.25
2 0.39663461538461536 0.21153846153846154 0.20432692307692307 0.2764423076923077
4 0.13221153846153846 0.32091346153846156 0.1466346153846154 0.12740384615384615
4 0.39302884615384615 0.3076923076923077 0.14182692307692307 0.08533653846153846
10 0.765625 0.7151442307692307 0.34975961538461536 0.5697115384615384
10 0.3870192307692308 0.6923076923076923 0.3401442307692308 0.46033653846153844
10 0.11177884615384616 0.7307692307692307 0.22355769230769232 0.5132211538461539
4 0.6502403846153846 0.2932692307692308 0.15384615384615385 0.08653846153846154