2 0.8713942307692307 0.20793269230769232 0.051682692307692304 0.06370192307692307
2 0.34975961538461536 0.2127403846153846 0.04567307692307692 0.0625
2 0.7007211538461539 0.2283653846153846 0.056490384615384616 0.056490384615384616
2 0.44350961538461536 0.23677884615384615 0.055288461538461536 0.056490384615384616
2 0.20673076923076922 0.23798076923076922 0.046875 0.07091346153846154
2 0.5144230769230769 0.24519230769230768 0.046875 0.07211538461538461
2 0.03485576923076923 0.2668269230769231 0.04927884615384615 0.07091346153846154
2 0.5997596153846154 0.27283653846153844 0.04927884615384615 0.07091346153846154
2 0.28125 0.2920673076923077 0.051682692307692304 0.07091346153846154
2 0.11658653846153846 0.32211538461538464 0.046875 0.07211538461538461
5 0.7908653846153846 0.5516826923076923 0.10697115384615384 0.8966346153846154
5 0.9495192307692307 0.5637019230769231 0.10096153846153846 0.8713942307692307
5 0.3581730769230769 0.5853365384615384 0.10096153846153846 0.8100961538461539
5 0.45072115384615385 0.5973557692307693 0.09014423076923077 0.8016826923076923
5 0.7043269230769231 0.5997596153846154 0.09615384615384616 0.8004807692307693
5 0.21394230769230768 0.6009615384615384 0.09735576923076923 0.796875
5 0.5240384615384616 0.6045673076923077 0.08774038461538461 0.7908653846153846
5 0.040865384615384616 0.6129807692307693 0.08173076923076923 0.7740384615384616
5 0.6153846153846154 0.6141826923076923 0.10096153846153846 0.7716346153846154
5 0.27884615384615385 0.6286057692307693 0.07211538461538461 0.7427884615384616
5 0.125 0.6382211538461539 0.0829326923076923 0.7223557692307693
2 0.7752403846153846 0.14302884615384615 0.06009615384615385 0.078125
2 0.8305288461538461 0.19230769230769232 0.05048076923076923 0.06610576923076923
2 0.9411057692307693 0.1935096153846154 0.08413461538461539 0.09735576923076923
4 0.35216346153846156 0.2608173076923077 0.046875 0.027644230769230768