2 0.796875 0.18389423076923078 0.09975961538461539 0.08774038461538461
2 0.6490384615384616 0.2776442307692308 0.06971153846153846 0.06971153846153846
2 0.39663461538461536 0.3112980769230769 0.052884615384615384 0.06129807692307692
2 0.5216346153846154 0.3557692307692308 0.06009615384615385 0.06129807692307692
5 0.42908653846153844 0.5060096153846154 0.125 0.4807692307692308
5 0.8413461538461539 0.5625 0.21875 0.84375
5 0.5552884615384616 0.5709134615384616 0.14903846153846154 0.5036057692307693
5 0.6778846153846154 0.5913461538461539 0.17427884615384615 0.6911057692307693
4 0.8028846153846154 0.22115384615384615 0.0829326923076923 0.04326923076923077
1 0.3701923076923077 0.7584134615384616 0.07211538461538461 0.051682692307692304
1 0.4831730769230769 0.7271634615384616 0.05048076923076923 0.04807692307692308
1 0.4963942307692308 0.8485576923076923 0.06971153846153846 0.056490384615384616
1 0.5913461538461539 0.7860576923076923 0.04567307692307692 0.04807692307692308
1 0.6129807692307693 0.8930288461538461 0.07932692307692307 0.04927884615384615
1 0.7427884615384616 0.875 0.046875 0.08052884615384616
1 0.7788461538461539 0.96875 0.10216346153846154 0.051682692307692304
1 0.8786057692307693 0.9302884615384616 0.05048076923076923 0.10336538461538461