2 0.2512019230769231 0.1935096153846154 0.04326923076923077 0.06490384615384616
2 0.8341346153846154 0.14783653846153846 0.038461538461538464 0.04567307692307692
2 0.2860576923076923 0.20552884615384615 0.040865384615384616 0.04567307692307692
2 0.4807692307692308 0.19591346153846154 0.040865384615384616 0.04567307692307692
2 0.7283653846153846 0.18269230769230768 0.040865384615384616 0.04807692307692308
2 0.4026442307692308 0.21514423076923078 0.040865384615384616 0.04326923076923077
2 0.9206730769230769 0.1778846153846154 0.040865384615384616 0.04807692307692308
2 0.5084134615384616 0.2692307692307692 0.07692307692307693 0.07932692307692307
5 0.25600961538461536 0.2920673076923077 0.07932692307692307 0.24519230769230768
5 0.8257211538461539 0.2548076923076923 0.0985576923076923 0.25
5 0.9314903846153846 0.2536057692307692 0.0889423076923077 0.19951923076923078
5 0.7211538461538461 0.2860576923076923 0.11057692307692307 0.2644230769230769
5 0.3076923076923077 0.3245192307692308 0.0889423076923077 0.28846153846153844
2 0.18629807692307693 0.3485576923076923 0.08653846153846154 0.11057692307692307
5 0.4098557692307692 0.33052884615384615 0.11057692307692307 0.30288461538461536
5 0.5324519230769231 0.4879807692307692 0.1778846153846154 0.53125
5 0.15745192307692307 0.6117788461538461 0.2692307692307692 0.6971153846153846