2 0.7800480769230769 0.14783653846153846 0.13221153846153846 0.13221153846153846
2 0.49399038461538464 0.17668269230769232 0.13221153846153846 0.1310096153846154
2 0.3317307692307692 0.20192307692307693 0.12980769230769232 0.1346153846153846
2 0.6225961538461539 0.20432692307692307 0.12980769230769232 0.1346153846153846
2 0.17067307692307693 0.23798076923076922 0.12980769230769232 0.1346153846153846
5 0.7872596153846154 0.49399038461538464 0.19110576923076922 0.8161057692307693
5 0.7896634615384616 0.4963942307692308 0.19110576923076922 0.8161057692307693
5 0.46274038461538464 0.5276442307692307 0.19110576923076922 0.8161057692307693
5 0.32091346153846156 0.5348557692307693 0.19110576923076922 0.8161057692307693
5 0.6286057692307693 0.5348557692307693 0.19110576923076922 0.8161057692307693
5 0.16947115384615385 0.5805288461538461 0.19110576923076922 0.8161057692307693