5 0.13701923076923078 0.8401442307692307 0.14903846153846154 0.31971153846153844
5 0.22716346153846154 0.8413461538461539 0.22355769230769232 0.3173076923076923
2 0.4338942307692308 0.8641826923076923 0.10817307692307693 0.13221153846153846
2 0.4230769230769231 0.9170673076923077 0.16826923076923078 0.1658653846153846
2 0.5913461538461539 0.9675480769230769 0.13701923076923078 0.06490384615384616
2 0.234375 0.35697115384615385 0.09134615384615384 0.09615384615384616
2 0.49399038461538464 0.32572115384615385 0.13221153846153846 0.16105769230769232
2 0.35216346153846156 0.3629807692307692 0.0985576923076923 0.10336538461538461
5 0.4362980769230769 0.35336538461538464 0.040865384615384616 0.08653846153846154
2 0.015625 0.47836538461538464 0.03125 0.07211538461538461
5 0.5841346153846154 0.41947115384615385 0.1466346153846154 0.23798076923076922
5 0.6682692307692307 0.41586538461538464 0.11057692307692307 0.3317307692307692
5 0.23918269230769232 0.5216346153846154 0.19471153846153846 0.44471153846153844
5 0.7848557692307693 0.4807692307692308 0.2668269230769231 0.5096153846153846
5 0.3581730769230769 0.5637019230769231 0.18509615384615385 0.5216346153846154
5 0.5 0.5949519230769231 0.24278846153846154 0.7043269230769231
5 0.9206730769230769 0.5949519230769231 0.15865384615384615 0.5120192307692307
5 0.0625 0.7115384615384616 0.125 0.5769230769230769
2 0.125 0.7439903846153846 0.10096153846153846 0.13221153846153846
2 0.21033653846153846 0.7584134615384616 0.12980769230769232 0.13701923076923078