2 0.6274038461538461 0.09975961538461539 0.13341346153846154 0.15745192307692307
2 0.29447115384615385 0.18629807692307693 0.14423076923076922 0.15625
2 0.9242788461538461 0.23798076923076922 0.10096153846153846 0.18389423076923078
2 0.47716346153846156 0.27403846153846156 0.140625 0.2091346153846154
5 0.14182692307692307 0.4651442307692308 0.2776442307692308 0.8942307692307693
5 0.3076923076923077 0.48677884615384615 0.19110576923076922 0.8209134615384616
5 0.6899038461538461 0.5144230769230769 0.3088942307692308 0.9314903846153846
5 0.8870192307692307 0.578125 0.2247596153846154 0.7860576923076923
5 0.4651442307692308 0.578125 0.24519230769230768 0.8040865384615384
2 0.13221153846153846 0.8521634615384616 0.16826923076923078 0.2644230769230769
4 0.6382211538461539 0.23197115384615385 0.13581730769230768 0.07692307692307693
4 0.30408653846153844 0.2776442307692308 0.10576923076923077 0.05889423076923077
4 0.9663461538461539 0.34615384615384615 0.0673076923076923 0.0829326923076923
4 0.9134615384615384 0.3233173076923077 0.07091346153846154 0.054086538461538464
4 0.47115384615384615 0.39302884615384615 0.11538461538461539 0.056490384615384616