1 0.2127403846153846 0.9735576923076923 0.07091346153846154 0.04807692307692308
1 0.3016826923076923 0.9375 0.04326923076923077 0.055288461538461536
1 0.3401442307692308 0.9278846153846154 0.055288461538461536 0.057692307692307696
1 0.5420673076923077 0.8425480769230769 0.030048076923076924 0.054086538461538464
2 0.12980769230769232 0.3605769230769231 0.09254807692307693 0.08774038461538461
2 0.03365384615384615 0.3557692307692308 0.0673076923076923 0.11899038461538461
2 0.19591346153846154 0.43509615384615385 0.08533653846153846 0.08533653846153846
2 0.3173076923076923 0.3762019230769231 0.05048076923076923 0.06490384615384616
2 0.46875 0.3954326923076923 0.046875 0.04567307692307692
2 0.5276442307692307 0.4074519230769231 0.038461538461538464 0.04807692307692308
2 0.5853365384615384 0.4326923076923077 0.055288461538461536 0.04807692307692308
2 0.6694711538461539 0.4026442307692308 0.046875 0.06129807692307692
2 0.7151442307692307 0.43028846153846156 0.07091346153846154 0.06490384615384616
2 0.8533653846153846 0.46274038461538464 0.0829326923076923 0.07091346153846154