2 0.33774038461538464 0.44711538461538464 0.038461538461538464 0.04567307692307692
2 0.4543269230769231 0.41947115384615385 0.03245192307692308 0.036057692307692304
2 0.5540865384615384 0.43028846153846156 0.03245192307692308 0.038461538461538464
2 0.6382211538461539 0.4266826923076923 0.036057692307692304 0.046875
2 0.6971153846153846 0.4206730769230769 0.052884615384615384 0.052884615384615384
1 0.33052884615384615 0.8064903846153846 0.020432692307692308 0.036057692307692304
1 0.3605769230769231 0.7872596153846154 0.038461538461538464 0.021634615384615384
1 0.47836538461538464 0.7548076923076923 0.021634615384615384 0.021634615384615384
1 0.5192307692307693 0.7584134615384616 0.026442307692307692 0.030048076923076924
1 0.5649038461538461 0.7944711538461539 0.03245192307692308 0.02403846153846154
1 0.5973557692307693 0.8112980769230769 0.020432692307692308 0.030048076923076924
1 0.6478365384615384 0.8161057692307693 0.042067307692307696 0.019230769230769232
1 0.6790865384615384 0.8377403846153846 0.02403846153846154 0.026442307692307692
1 0.7115384615384616 0.9350961538461539 0.057692307692307696 0.038461538461538464
4 0.4567307692307692 0.42908653846153844 0.03485576923076923 0.014423076923076924
5 0.3317307692307692 0.6310096153846154 0.0889423076923077 0.39663461538461536
5 0.7115384615384616 0.6706730769230769 0.09735576923076923 0.546875
5 0.4807692307692308 0.5865384615384616 0.09735576923076923 0.3701923076923077
5 0.5757211538461539 0.6177884615384616 0.09975961538461539 0.4206730769230769
5 0.6550480769230769 0.6262019230769231 0.07572115384615384 0.42908653846153844