2 0.1502403846153846 0.1201923076923077 0.08173076923076923 0.078125
2 0.2620192307692308 0.1875 0.046875 0.05048076923076923
2 0.39903846153846156 0.16466346153846154 0.04807692307692308 0.04807692307692308
2 0.4651442307692308 0.1778846153846154 0.051682692307692304 0.07211538461538461
2 0.875 0.1935096153846154 0.04326923076923077 0.04326923076923077
2 0.9302884615384616 0.08413461538461539 0.08173076923076923 0.07692307692307693
1 0.8858173076923077 0.765625 0.078125 0.046875
1 0.6213942307692307 0.6466346153846154 0.055288461538461536 0.026442307692307692
1 0.6899038461538461 0.6454326923076923 0.03245192307692308 0.025240384615384616
1 0.4639423076923077 0.6442307692307693 0.046875 0.03485576923076923
2 0.6706730769230769 0.1310096153846154 0.0829326923076923 0.052884615384615384
5 0.90625 0.4170673076923077 0.14903846153846154 0.7403846153846154
5 0.8810096153846154 0.3545673076923077 0.07932692307692307 0.4110576923076923
5 0.6658653846153846 0.38100961538461536 0.14182692307692307 0.5625
5 0.47115384615384615 0.40024038461538464 0.13581730769230768 0.5216346153846154
5 0.3894230769230769 0.40024038461538464 0.1045673076923077 0.5192307692307693
4 0.39663461538461536 0.1875 0.052884615384615384 0.037259615384615384
5 0.2608173076923077 0.42788461538461536 0.109375 0.5528846153846154
4 0.25961538461538464 0.21995192307692307 0.055288461538461536 0.027644230769230768
5 0.13221153846153846 0.41947115384615385 0.15625 0.6983173076923077