2 0.46875 0.19230769230769232 0.052884615384615384 0.07692307692307693
2 0.6201923076923077 0.19591346153846154 0.052884615384615384 0.08413461538461539
2 0.6694711538461539 0.20673076923076922 0.052884615384615384 0.08173076923076923
5 0.5096153846153846 0.2091346153846154 0.04567307692307692 0.16826923076923078
5 0.2608173076923077 0.2127403846153846 0.06971153846153846 0.21634615384615385
5 0.6237980769230769 0.5 0.0625 0.7451923076923077
5 0.39903846153846156 0.5060096153846154 0.09615384615384616 0.7788461538461539
5 0.5600961538461539 0.5180288461538461 0.11057692307692307 0.8100961538461539
5 0.6838942307692307 0.5276442307692307 0.10576923076923077 0.7259615384615384
5 0.2127403846153846 0.5360576923076923 0.11057692307692307 0.8317307692307693
5 0.48197115384615385 0.5456730769230769 0.10096153846153846 0.8173076923076923
5 0.3233173076923077 0.5456730769230769 0.11057692307692307 0.8221153846153846
5 0.11298076923076923 0.5576923076923077 0.13942307692307693 0.8725961538461539
2 0.421875 0.12259615384615384 0.04567307692307692 0.07692307692307693
2 0.20072115384615385 0.15745192307692307 0.055288461538461536 0.10096153846153846
2 0.25600961538461536 0.16105769230769232 0.04326923076923077 0.0673076923076923
2 0.515625 0.16105769230769232 0.04326923076923077 0.08413461538461539
2 0.38221153846153844 0.16105769230769232 0.05048076923076923 0.07211538461538461
2 0.3269230769230769 0.1622596153846154 0.055288461538461536 0.07211538461538461
5 0.4266826923076923 0.17427884615384615 0.06490384615384616 0.1875
2 0.5552884615384616 0.17668269230769232 0.05048076923076923 0.09134615384615384
2 0.12139423076923077 0.18389423076923078 0.0625 0.08653846153846154
1 0.1935096153846154 0.8966346153846154 0.057692307692307696 0.0889423076923077
1 0.23798076923076922 0.8737980769230769 0.055288461538461536 0.07211538461538461