2 0.3293269230769231 0.28365384615384615 0.040865384615384616 0.0625
2 0.5745192307692307 0.26322115384615385 0.05048076923076923 0.055288461538461536
2 0.49038461538461536 0.29447115384615385 0.036057692307692304 0.055288461538461536
5 0.4795673076923077 0.359375 0.11298076923076923 0.19471153846153846
5 0.39302884615384615 0.39663461538461536 0.13942307692307693 0.37740384615384615
2 0.32091346153846156 0.4098557692307692 0.04807692307692308 0.07692307692307693
2 0.6598557692307693 0.35697115384615385 0.057692307692307696 0.08173076923076923
2 0.5793269230769231 0.39663461538461536 0.06009615384615385 0.08653846153846154
2 0.09975961538461539 0.5925480769230769 0.06490384615384616 0.08653846153846154
5 0.33413461538461536 0.5612980769230769 0.15384615384615385 0.40625
5 0.6105769230769231 0.5853365384615384 0.1658653846153846 0.4639423076923077
5 0.24639423076923078 0.6550480769230769 0.13942307692307693 0.37740384615384615
2 0.7860576923076923 0.6069711538461539 0.04807692307692308 0.055288461538461536
2 0.8329326923076923 0.6009615384615384 0.04807692307692308 0.07932692307692307
5 0.14423076923076922 0.7403846153846154 0.12740384615384615 0.23076923076923078
2 0.5276442307692307 0.7331730769230769 0.057692307692307696 0.0889423076923077
5 0.9014423076923077 0.6742788461538461 0.17307692307692307 0.2403846153846154
5 0.7752403846153846 0.6983173076923077 0.14423076923076922 0.24759615384615385
5 0.49399038461538464 0.7896634615384616 0.1778846153846154 0.2283653846153846
2 0.3629807692307692 0.24278846153846154 0.055288461538461536 0.057692307692307696