2 0.39903846153846156 0.4338942307692308 0.06490384615384616 0.06129807692307692
2 0.2512019230769231 0.4375 0.078125 0.09615384615384616
2 0.3317307692307692 0.45072115384615385 0.040865384615384616 0.046875
2 0.4495192307692308 0.4543269230769231 0.025240384615384616 0.04927884615384615
2 0.6622596153846154 0.45913461538461536 0.03365384615384615 0.046875
2 0.5600961538461539 0.46875 0.04447115384615385 0.055288461538461536
2 0.7139423076923077 0.47836538461538464 0.055288461538461536 0.06129807692307692
5 0.6658653846153846 0.5408653846153846 0.04927884615384615 0.23918269230769232
5 0.3329326923076923 0.6069711538461539 0.078125 0.37740384615384615
5 0.5733173076923077 0.6189903846153846 0.09014423076923077 0.36538461538461536
5 0.7175480769230769 0.6526442307692307 0.10576923076923077 0.3798076923076923
5 0.23557692307692307 0.6923076923076923 0.15865384615384615 0.6153846153846154
5 0.4098557692307692 0.6983173076923077 0.15865384615384615 0.6021634615384616
1 0.22716346153846154 0.9663461538461539 0.05048076923076923 0.0673076923076923
1 0.27403846153846156 0.9759615384615384 0.038461538461538464 0.04807692307692308