2 0.35096153846153844 0.4170673076923077 0.04567307692307692 0.052884615384615384
2 0.4699519230769231 0.41225961538461536 0.038461538461538464 0.040865384615384616
2 0.5661057692307693 0.4423076923076923 0.038461538461538464 0.04326923076923077
2 0.6502403846153846 0.4543269230769231 0.04326923076923077 0.052884615384615384
2 0.7091346153846154 0.46033653846153844 0.0625 0.0625
1 0.27524038461538464 0.7680288461538461 0.026442307692307692 0.038461538461538464
1 0.3088942307692308 0.7548076923076923 0.040865384615384616 0.028846153846153848
1 0.43028846153846156 0.7463942307692307 0.026442307692307692 0.026442307692307692
1 0.4699519230769231 0.7572115384615384 0.03125 0.03365384615384615
1 0.5072115384615384 0.8016826923076923 0.036057692307692304 0.028846153846153848
1 0.5360576923076923 0.8245192307692307 0.026442307692307692 0.03365384615384615
1 0.5853365384615384 0.8389423076923077 0.04567307692307692 0.026442307692307692
1 0.6117788461538461 0.8653846153846154 0.028846153846153848 0.03125
1 0.625 0.9675480769230769 0.06490384615384616 0.04807692307692308
4 0.47115384615384615 0.421875 0.036057692307692304 0.021634615384615384
5 0.31009615384615385 0.5961538461538461 0.16346153846153846 0.40625
5 0.6754807692307693 0.7079326923076923 0.19951923076923078 0.5552884615384616
5 0.4651442307692308 0.5817307692307693 0.1658653846153846 0.38221153846153844
5 0.5516826923076923 0.6298076923076923 0.1778846153846154 0.4326923076923077
5 0.6286057692307693 0.6538461538461539 0.15625 0.43509615384615385