2 0.27884615384615385 0.17307692307692307 0.037259615384615384 0.06129807692307692
2 0.8641826923076923 0.1778846153846154 0.03485576923076923 0.042067307692307696
2 0.3125 0.1875 0.037259615384615384 0.042067307692307696
2 0.5072115384615384 0.19591346153846154 0.037259615384615384 0.042067307692307696
2 0.7548076923076923 0.20432692307692307 0.037259615384615384 0.04447115384615385
2 0.42788461538461536 0.20793269230769232 0.037259615384615384 0.039663461538461536
2 0.9471153846153846 0.21634615384615385 0.037259615384615384 0.04447115384615385
2 0.5288461538461539 0.2704326923076923 0.06971153846153846 0.07451923076923077
5 0.27524038461538464 0.27163461538461536 0.057692307692307696 0.2403846153846154
5 0.8461538461538461 0.28365384615384615 0.078125 0.24519230769230768
5 0.9519230769230769 0.2920673076923077 0.07211538461538461 0.1935096153846154
5 0.7391826923076923 0.30649038461538464 0.0889423076923077 0.25721153846153844
5 0.3233173076923077 0.3088942307692308 0.06370192307692307 0.28365384615384615
2 0.20072115384615385 0.32211538461538464 0.078125 0.1045673076923077
5 0.4254807692307692 0.3233173076923077 0.08533653846153846 0.296875
5 0.5336538461538461 0.49038461538461536 0.13341346153846154 0.5216346153846154
5 0.14903846153846154 0.5817307692307693 0.21153846153846154 0.6802884615384616