2 0.1502403846153846 0.1201923076923077 0.08173076923076923 0.078125
2 0.2620192307692308 0.1875 0.046875 0.05048076923076923
2 0.39903846153846156 0.16466346153846154 0.04807692307692308 0.04807692307692308
2 0.4651442307692308 0.1778846153846154 0.051682692307692304 0.07211538461538461
2 0.875 0.1935096153846154 0.04326923076923077 0.04326923076923077
2 0.9302884615384616 0.08413461538461539 0.08173076923076923 0.07692307692307693
2 0.6706730769230769 0.1310096153846154 0.0829326923076923 0.052884615384615384
5 0.9050480769230769 0.4206730769230769 0.15504807692307693 0.7908653846153846
5 0.8713942307692307 0.2980769230769231 0.06129807692307692 0.296875
5 0.6622596153846154 0.3870192307692308 0.19951923076923078 0.5973557692307693
5 0.4699519230769231 0.4050480769230769 0.13581730769230768 0.5564903846153846
5 0.38461538461538464 0.3858173076923077 0.12139423076923077 0.5216346153846154
5 0.26802884615384615 0.4338942307692308 0.12379807692307693 0.5661057692307693
5 0.12860576923076922 0.4362980769230769 0.16826923076923078 0.7560096153846154