2 0.13701923076923078 0.13221153846153846 0.08413461538461539 0.08173076923076923
2 0.2512019230769231 0.19591346153846154 0.04807692307692308 0.052884615384615384
2 0.3870192307692308 0.16826923076923078 0.05048076923076923 0.05048076923076923
2 0.4543269230769231 0.17908653846153846 0.055288461538461536 0.07451923076923077
2 0.8641826923076923 0.18028846153846154 0.04567307692307692 0.04567307692307692
2 0.9158653846153846 0.06971153846153846 0.08413461538461539 0.07932692307692307
2 0.6574519230769231 0.125 0.08413461538461539 0.055288461538461536
5 0.9014423076923077 0.40625 0.18269230769230768 0.7956730769230769
5 0.8641826923076923 0.2848557692307692 0.07211538461538461 0.2980769230769231
5 0.6586538461538461 0.38100961538461536 0.22115384615384615 0.6033653846153846
5 0.46634615384615385 0.40625 0.15625 0.5600961538461539
5 0.38100961538461536 0.3894230769230769 0.13942307692307693 0.5264423076923077
5 0.265625 0.4423076923076923 0.14423076923076922 0.5697115384615384
5 0.12620192307692307 0.4495192307692308 0.19471153846153846 0.7620192307692307