2 0.46634615384615385 0.43149038461538464 0.0985576923076923 0.14423076923076922
2 0.39903846153846156 0.06370192307692307 0.09495192307692307 0.1201923076923077
4 0.7632211538461539 0.10576923076923077 0.026442307692307692 0.02403846153846154
2 0.5733173076923077 0.12139423076923077 0.046875 0.04326923076923077
4 0.4050480769230769 0.125 0.05048076923076923 0.025240384615384616
5 0.16826923076923078 0.15144230769230768 0.15985576923076922 0.3016826923076923
5 0.8161057692307693 0.42908653846153844 0.1658653846153846 0.8125
5 0.390625 0.24759615384615385 0.18509615384615385 0.4699519230769231
5 0.39302884615384615 0.5949519230769231 0.30528846153846156 0.42427884615384615
5 0.5829326923076923 0.20072115384615385 0.08653846153846154 0.18269230769230768
5 0.16826923076923078 0.15144230769230768 0.15985576923076922 0.3016826923076923
5 0.8161057692307693 0.42908653846153844 0.1658653846153846 0.8125
5 0.390625 0.24759615384615385 0.18509615384615385 0.4699519230769231
5 0.39302884615384615 0.5949519230769231 0.30528846153846156 0.42427884615384615
5 0.5829326923076923 0.20072115384615385 0.08653846153846154 0.18269230769230768