5 0.2800480769230769 0.8473557692307693 0.3016826923076923 0.30408653846153844
5 0.5865384615384616 0.8798076923076923 0.125 0.18629807692307693
5 0.6502403846153846 0.609375 0.24278846153846154 0.28966346153846156
5 0.13341346153846154 0.5144230769230769 0.2403846153846154 0.31490384615384615
5 0.6862980769230769 0.2764423076923077 0.23076923076923078 0.33052884615384615
5 0.21033653846153846 0.17908653846153846 0.18509615384615385 0.24639423076923078
2 0.6538461538461539 0.5096153846153846 0.23317307692307693 0.1310096153846154
2 0.7283653846153846 0.16706730769230768 0.13822115384615385 0.09495192307692307
2 0.27403846153846156 0.09014423076923077 0.06850961538461539 0.09014423076923077
4 0.15625 0.40384615384615385 0.039663461538461536 0.037259615384615384
4 0.7151442307692307 0.20793269230769232 0.0889423076923077 0.0673076923076923
4 0.2776442307692308 0.1310096153846154 0.03125 0.051682692307692304