5 0.29086538461538464 0.8485576923076923 0.3125 0.30288461538461536
5 0.5997596153846154 0.8762019230769231 0.13221153846153846 0.18990384615384615
5 0.6538461538461539 0.6045673076923077 0.25240384615384615 0.2980769230769231
5 0.1346153846153846 0.5276442307692307 0.25240384615384615 0.32211538461538464
5 0.6778846153846154 0.2704326923076923 0.24278846153846154 0.3389423076923077
5 0.19951923076923078 0.18990384615384615 0.19471153846153846 0.25240384615384615
2 0.6538461538461539 0.5048076923076923 0.23798076923076922 0.13942307692307693
2 0.7163461538461539 0.15985576923076922 0.14182692307692307 0.0985576923076923
2 0.25961538461538464 0.0985576923076923 0.07211538461538461 0.09134615384615384
4 0.15264423076923078 0.41586538461538464 0.040865384615384616 0.038461538461538464
4 0.7043269230769231 0.20072115384615385 0.09134615384615384 0.06971153846153846
4 0.2644230769230769 0.13942307692307693 0.03365384615384615 0.052884615384615384