1 0.09014423076923077 0.7980769230769231 0.0673076923076923 0.07451923076923077
1 0.21033653846153846 0.7704326923076923 0.06009615384615385 0.07211538461538461
1 0.24519230769230768 0.8016826923076923 0.052884615384615384 0.07451923076923077
1 0.36538461538461536 0.7920673076923077 0.04326923076923077 0.07692307692307693
1 0.41586538461538464 0.796875 0.04326923076923077 0.07211538461538461
1 0.5504807692307693 0.7956730769230769 0.03365384615384615 0.0673076923076923
1 0.6057692307692307 0.7896634615384616 0.038461538461538464 0.06490384615384616
1 0.7295673076923077 0.8004807692307693 0.04807692307692308 0.0673076923076923
1 0.765625 0.7716346153846154 0.05048076923076923 0.04567307692307692
1 0.9014423076923077 0.8028846153846154 0.0673076923076923 0.0625
1 0.9146634615384616 0.7536057692307693 0.040865384615384616 0.052884615384615384
2 0.08413461538461539 0.10576923076923077 0.06971153846153846 0.0889423076923077
2 0.22235576923076922 0.10336538461538461 0.06490384615384616 0.09134615384615384
2 0.3894230769230769 0.09735576923076923 0.052884615384615384 0.08173076923076923
2 0.5721153846153846 0.11298076923076923 0.0625 0.09615384615384616
2 0.7427884615384616 0.1045673076923077 0.0625 0.08653846153846154
2 0.9086538461538461 0.11057692307692307 0.0673076923076923 0.09615384615384616