1 0.234375 0.8653846153846154 0.07211538461538461 0.026442307692307692
1 0.30649038461538464 0.8557692307692307 0.0889423076923077 0.027644230769230768
1 0.39663461538461536 0.8557692307692307 0.06129807692307692 0.03125
1 0.5 0.8509615384615384 0.05889423076923077 0.026442307692307692
1 0.6418269230769231 0.8377403846153846 0.056490384615384616 0.026442307692307692
1 0.6899038461538461 0.8461538461538461 0.0733173076923077 0.02403846153846154
1 0.7932692307692307 0.6887019230769231 0.0673076923076923 0.021634615384615384
2 0.265625 0.49038461538461536 0.078125 0.0625
2 0.48197115384615385 0.46274038461538464 0.06370192307692307 0.06610576923076923
2 0.6622596153846154 0.47836538461538464 0.05889423076923077 0.06971153846153846
2 0.7151442307692307 0.4266826923076923 0.057692307692307696 0.052884615384615384
2 0.1935096153846154 0.41947115384615385 0.0625 0.055288461538461536
2 0.29927884615384615 0.41947115384615385 0.057692307692307696 0.04807692307692308
2 0.32211538461538464 0.19951923076923078 0.040865384615384616 0.03125
4 0.2692307692307692 0.49038461538461536 0.0625 0.020432692307692308