2 0.03245192307692308 0.40024038461538464 0.057692307692307696 0.0889423076923077
1 0.46153846153846156 0.8389423076923077 0.0625 0.04326923076923077
1 0.09495192307692307 0.8269230769230769 0.042067307692307696 0.040865384615384616
1 0.36899038461538464 0.7908653846153846 0.03485576923076923 0.052884615384615384
1 0.5817307692307693 0.8088942307692307 0.03485576923076923 0.04807692307692308
1 0.31971153846153844 0.8137019230769231 0.03125 0.06129807692307692
1 0.5300480769230769 0.8076923076923077 0.037259615384615384 0.046875
1 0.05048076923076923 0.8293269230769231 0.03245192307692308 0.038461538461538464
1 0.2800480769230769 0.8882211538461539 0.05889423076923077 0.04807692307692308
1 0.17548076923076922 0.7512019230769231 0.036057692307692304 0.056490384615384616
4 0.9579326923076923 0.46033653846153844 0.08413461538461539 0.10817307692307693
1 0.4206730769230769 0.8725961538461539 0.038461538461538464 0.06971153846153846