2 0.06009615384615385 0.3125 0.07451923076923077 0.0985576923076923
1 0.39783653846153844 0.8257211538461539 0.06971153846153846 0.055288461538461536
1 0.039663461538461536 0.7439903846153846 0.04807692307692308 0.04807692307692308
1 0.3161057692307692 0.7608173076923077 0.04326923076923077 0.057692307692307696
1 0.5216346153846154 0.8185096153846154 0.04326923076923077 0.052884615384615384
1 0.26322115384615385 0.7740384615384616 0.04326923076923077 0.0673076923076923
1 0.47115384615384615 0.8076923076923077 0.04567307692307692 0.052884615384615384
1 0.007211538461538462 0.7379807692307693 0.014423076923076924 0.04326923076923077
1 0.21033653846153846 0.8389423076923077 0.0673076923076923 0.057692307692307696
1 0.13341346153846154 0.6850961538461539 0.04567307692307692 0.0625
4 0.9519230769230769 0.546875 0.09615384615384616 0.12259615384615384
1 0.35096153846153844 0.8509615384615384 0.05048076923076923 0.07692307692307693