2 0.14182692307692307 0.16706730769230768 0.12379807692307693 0.21875
2 0.5432692307692307 0.35336538461538464 0.0625 0.109375
2 0.6394230769230769 0.2776442307692308 0.08413461538461539 0.17307692307692307
2 0.9579326923076923 0.328125 0.08413461538461539 0.16105769230769232
2 0.3918269230769231 0.28725961538461536 0.07932692307692307 0.14423076923076922
2 0.78125 0.3942307692307692 0.05889423076923077 0.09495192307692307
2 0.2932692307692308 0.3485576923076923 0.056490384615384616 0.09975961538461539
2 0.8858173076923077 0.38221153846153844 0.03485576923076923 0.055288461538461536
1 0.7956730769230769 0.9050480769230769 0.038461538461538464 0.05048076923076923
1 0.5144230769230769 0.8497596153846154 0.042067307692307696 0.0733173076923077
4 0.7824519230769231 0.40024038461538464 0.04807692307692308 0.025240384615384616