2 0.13581730769230768 0.17307692307692307 0.12740384615384615 0.22115384615384615
2 0.5408653846153846 0.35216346153846156 0.06490384615384616 0.11057692307692307
2 0.6358173076923077 0.27524038461538464 0.08653846153846154 0.17548076923076922
2 0.9543269230769231 0.31971153846153844 0.08653846153846154 0.16346153846153846
2 0.38822115384615385 0.28966346153846156 0.08173076923076923 0.1466346153846154
2 0.7788461538461539 0.3894230769230769 0.06009615384615385 0.09615384615384616
2 0.29086538461538464 0.35216346153846156 0.057692307692307696 0.10096153846153846
2 0.8834134615384616 0.375 0.036057692307692304 0.055288461538461536
1 0.8028846153846154 0.9002403846153846 0.038461538461538464 0.05048076923076923
1 0.5204326923076923 0.8497596153846154 0.04326923076923077 0.07451923076923077
4 0.78125 0.3954326923076923 0.04807692307692308 0.026442307692307692