1 0.11057692307692307 0.9110576923076923 0.0673076923076923 0.09014423076923077
1 0.203125 0.8894230769230769 0.09975961538461539 0.08173076923076923
1 0.30288461538461536 0.9026442307692307 0.0625 0.06971153846153846
1 0.3557692307692308 0.8834134615384616 0.08774038461538461 0.0733173076923077
1 0.4879807692307692 0.8822115384615384 0.10817307692307693 0.06370192307692307
1 0.5384615384615384 0.9038461538461539 0.08413461538461539 0.0673076923076923
1 0.6442307692307693 0.8966346153846154 0.09375 0.0673076923076923
1 0.7295673076923077 0.9158653846153846 0.046875 0.07211538461538461
2 0.6911057692307693 0.17307692307692307 0.08413461538461539 0.13942307692307693
2 0.5240384615384616 0.19110576923076922 0.08774038461538461 0.13221153846153846
2 0.36778846153846156 0.21995192307692307 0.078125 0.1201923076923077
2 0.21634615384615385 0.16826923076923078 0.0889423076923077 0.13581730769230768
4 0.6838942307692307 0.17067307692307693 0.0673076923076923 0.03125
4 0.21875 0.18509615384615385 0.056490384615384616 0.036057692307692304