2 0.1814903846153846 0.3762019230769231 0.07932692307692307 0.14423076923076922
4 0.8990384615384616 0.4026442307692308 0.038461538461538464 0.021634615384615384
2 0.12139423076923077 0.3942307692307692 0.03485576923076923 0.06610576923076923
1 0.10096153846153846 0.8918269230769231 0.046875 0.038461538461538464
6 0.5348557692307693 0.33413461538461536 0.08653846153846154 0.09615384615384616
6 0.8088942307692307 0.3125 0.0733173076923077 0.13221153846153846
6 0.7403846153846154 0.31850961538461536 0.052884615384615384 0.0829326923076923
6 0.8978365384615384 0.38822115384615385 0.051682692307692304 0.06129807692307692
6 0.9735576923076923 0.3112980769230769 0.051682692307692304 0.09254807692307693
6 0.4050480769230769 0.37259615384615385 0.0673076923076923 0.07211538461538461
6 0.08173076923076923 0.3137019230769231 0.0625 0.08173076923076923