2 0.055288461538461536 0.4423076923076923 0.07692307692307693 0.12259615384615384
2 0.15745192307692307 0.4230769230769231 0.08413461538461539 0.12740384615384615
2 0.25841346153846156 0.43149038461538464 0.08413461538461539 0.13221153846153846
2 0.3737980769230769 0.3629807692307692 0.07932692307692307 0.125
2 0.4735576923076923 0.3557692307692308 0.08653846153846154 0.12740384615384615
2 0.59375 0.3161057692307692 0.08173076923076923 0.125
2 0.7163461538461539 0.2860576923076923 0.08173076923076923 0.12980769230769232
2 0.8665865384615384 0.28365384615384615 0.09375 0.14423076923076922
4 0.3737980769230769 0.36778846153846156 0.057692307692307696 0.036057692307692304
1 0.5877403846153846 0.9158653846153846 0.06971153846153846 0.08413461538461539
1 0.6382211538461539 0.9074519230769231 0.052884615384615384 0.0889423076923077
1 0.47836538461538464 0.9483173076923077 0.052884615384615384 0.07932692307692307
1 0.5204326923076923 0.9170673076923077 0.06009615384615385 0.07692307692307693
1 0.7115384615384616 0.8858173076923077 0.06971153846153846 0.0673076923076923
1 0.7608173076923077 0.8894230769230769 0.06490384615384616 0.09615384615384616
1 0.8257211538461539 0.8810096153846154 0.06009615384615385 0.07211538461538461
1 0.8930288461538461 0.8725961538461539 0.0625 0.08173076923076923
1 0.36538461538461536 0.9543269230769231 0.07211538461538461 0.09134615384615384
1 0.41947115384615385 0.9471153846153846 0.055288461538461536 0.09375
1 0.31850961538461536 0.9567307692307693 0.055288461538461536 0.08653846153846154
1 0.27283653846153844 0.9627403846153846 0.07451923076923077 0.07451923076923077
1 0.21875 0.9627403846153846 0.052884615384615384 0.07451923076923077
1 0.15865384615384615 0.9759615384615384 0.0673076923076923 0.04807692307692308