2 0.1201923076923077 0.5384615384615384 0.078125 0.171875
2 0.2824519230769231 0.5564903846153846 0.0829326923076923 0.15745192307692307
2 0.4879807692307692 0.4963942307692308 0.08413461538461539 0.15144230769230768
2 0.6622596153846154 0.5036057692307693 0.07932692307692307 0.15264423076923078
2 0.6322115384615384 0.10336538461538461 0.07451923076923077 0.1466346153846154
2 0.49399038461538464 0.15384615384615385 0.07692307692307693 0.14543269230769232
2 0.3870192307692308 0.15865384615384615 0.07932692307692307 0.14182692307692307
2 0.2536057692307692 0.16826923076923078 0.07451923076923077 0.1502403846153846
2 0.08653846153846154 0.15144230769230768 0.07451923076923077 0.1622596153846154
2 0.7512019230769231 0.12379807692307693 0.0673076923076923 0.13942307692307693
2 0.8353365384615384 0.1141826923076923 0.07692307692307693 0.13701923076923078
1 0.921875 0.9338942307692307 0.0625 0.0889423076923077
1 0.7824519230769231 0.9266826923076923 0.08173076923076923 0.07451923076923077