2 0.31009615384615385 0.07692307692307693 0.09615384615384616 0.07932692307692307
2 0.7103365384615384 0.08533653846153846 0.07932692307692307 0.06009615384615385
2 0.38100961538461536 0.10336538461538461 0.04567307692307692 0.04326923076923077
2 0.4723557692307692 0.2512019230769231 0.17548076923076922 0.14182692307692307
1 0.5492788461538461 0.5673076923076923 0.07692307692307693 0.055288461538461536
1 0.8221153846153846 0.5192307692307693 0.09134615384615384 0.07211538461538461
2 0.42788461538461536 0.12259615384615384 0.021634615384615384 0.021634615384615384
2 0.46153846153846156 0.13822115384615385 0.016826923076923076 0.016826923076923076
2 0.5564903846153846 0.13581730769230768 0.019230769230769232 0.016826923076923076
2 0.5973557692307693 0.12980769230769232 0.019230769230769232 0.014423076923076924
2 0.5024038461538461 0.14302884615384615 0.021634615384615384 0.014423076923076924