2 0.6598557692307693 0.4495192307692308 0.05048076923076923 0.08413461538461539
2 0.07091346153846154 0.4014423076923077 0.0985576923076923 0.16346153846153846
2 0.7463942307692307 0.4483173076923077 0.055288461538461536 0.09375
2 0.1814903846153846 0.45072115384615385 0.08173076923076923 0.12740384615384615
2 0.9122596153846154 0.3942307692307692 0.1346153846153846 0.1875
2 0.46634615384615385 0.46875 0.0625 0.09375
2 0.33533653846153844 0.4567307692307692 0.0625 0.0889423076923077
1 0.3581730769230769 0.8822115384615384 0.057692307692307696 0.05048076923076923
2 0.7932692307692307 0.47596153846153844 0.06971153846153846 0.11538461538461539
2 0.5745192307692307 0.46634615384615385 0.040865384615384616 0.07451923076923077
2 0.24759615384615385 0.47115384615384615 0.06490384615384616 0.0985576923076923
1 0.7151442307692307 0.90625 0.057692307692307696 0.04326923076923077
1 0.30288461538461536 0.9074519230769231 0.04326923076923077 0.052884615384615384
1 0.5072115384615384 0.8918269230769231 0.052884615384615384 0.04807692307692308
1 0.4483173076923077 0.8858173076923077 0.04567307692307692 0.06490384615384616
1 0.6887019230769231 0.8485576923076923 0.040865384615384616 0.06009615384615385
2 0.8509615384615384 0.4579326923076923 0.052884615384615384 0.125
1 0.6225961538461539 0.8449519230769231 0.04326923076923077 0.06009615384615385
1 0.7608173076923077 0.9723557692307693 0.055288461538461536 0.036057692307692304
1 0.25 0.9266826923076923 0.057692307692307696 0.057692307692307696
1 0.5384615384615384 0.8185096153846154 0.038461538461538464 0.038461538461538464
1 0.21634615384615385 0.9543269230769231 0.0673076923076923 0.04807692307692308
1 0.5913461538461539 0.8161057692307693 0.03125 0.052884615384615384
1 0.7548076923076923 0.9302884615384616 0.052884615384615384 0.0673076923076923