2 0.8389423076923077 0.3004807692307692 0.07211538461538461 0.09014423076923077
2 0.6442307692307693 0.3233173076923077 0.046875 0.06850961538461539
2 0.1814903846153846 0.28725961538461536 0.055288461538461536 0.07692307692307693
2 0.47475961538461536 0.3016826923076923 0.08173076923076923 0.09975961538461539
2 0.33052884615384615 0.2956730769230769 0.0673076923076923 0.0889423076923077
2 0.7908653846153846 0.3245192307692308 0.04326923076923077 0.0673076923076923
1 0.13942307692307693 0.6658653846153846 0.056490384615384616 0.05048076923076923
1 0.7259615384615384 0.6394230769230769 0.05889423076923077 0.037259615384615384
1 0.4831730769230769 0.7415865384615384 0.08413461538461539 0.0829326923076923
1 0.7680288461538461 0.6911057692307693 0.06129807692307692 0.04326923076923077
1 0.6454326923076923 0.6045673076923077 0.04326923076923077 0.040865384615384616
2 0.14302884615384615 0.3125 0.036057692307692304 0.040865384615384616
1 0.8461538461538461 0.71875 0.04567307692307692 0.056490384615384616
1 0.3473557692307692 0.6574519230769231 0.056490384615384616 0.040865384615384616
1 0.2403846153846154 0.6442307692307693 0.037259615384615384 0.046875
1 0.5072115384615384 0.7560096153846154 0.05889423076923077 0.07692307692307693
1 0.5084134615384616 0.9086538461538461 0.06129807692307692 0.06370192307692307
1 0.46634615384615385 0.9230769230769231 0.051682692307692304 0.056490384615384616
1 0.7716346153846154 0.9711538461538461 0.06850961538461539 0.042067307692307696
1 0.8461538461538461 0.9543269230769231 0.051682692307692304 0.057692307692307696
1 0.3858173076923077 0.6622596153846154 0.037259615384615384 0.06129807692307692
2 0.33052884615384615 0.040865384615384616 0.06129807692307692 0.078125
2 0.47596153846153844 0.04326923076923077 0.07932692307692307 0.0829326923076923
2 0.1814903846153846 0.042067307692307696 0.055288461538461536 0.08173076923076923
2 0.8377403846153846 0.038461538461538464 0.07451923076923077 0.07451923076923077