2 0.16346153846153846 0.4387019230769231 0.10576923076923077 0.15625
4 0.8725961538461539 0.328125 0.040865384615384616 0.028846153846153848
2 0.10817307692307693 0.46875 0.04567307692307692 0.07211538461538461
1 0.18269230769230768 0.9603365384615384 0.052884615384615384 0.04567307692307692
6 0.5024038461538461 0.33052884615384615 0.10336538461538461 0.11057692307692307
6 0.7680288461538461 0.25721153846153844 0.09615384615384616 0.14423076923076922
6 0.7019230769230769 0.2764423076923077 0.0673076923076923 0.09134615384615384
6 0.8689903846153846 0.31490384615384615 0.0625 0.06971153846153846
6 0.9290865384615384 0.2247596153846154 0.0673076923076923 0.10096153846153846
6 0.38221153846153844 0.39302884615384615 0.07932692307692307 0.08413461538461539
6 0.054086538461538464 0.39663461538461536 0.07692307692307693 0.09134615384615384