2 0.9050480769230769 0.2620192307692308 0.14543269230769232 0.1971153846153846
2 0.7175480769230769 0.3942307692307692 0.0733173076923077 0.11298076923076923
2 0.5456730769230769 0.3449519230769231 0.057692307692307696 0.11298076923076923
2 0.3701923076923077 0.35336538461538464 0.07451923076923077 0.13221153846153846
2 0.43149038461538464 0.3449519230769231 0.055288461538461536 0.1045673076923077
2 0.20673076923076922 0.34615384615384615 0.09975961538461539 0.16346153846153846
2 0.06610576923076923 0.3125 0.12980769230769232 0.1971153846153846
1 0.6959134615384616 0.9471153846153846 0.057692307692307696 0.08173076923076923
1 0.6658653846153846 0.8834134615384616 0.0673076923076923 0.051682692307692304
1 0.37259615384615385 0.9278846153846154 0.051682692307692304 0.09014423076923077
1 0.4338942307692308 0.8990384615384616 0.06971153846153846 0.055288461538461536
1 0.47475961538461536 0.8161057692307693 0.057692307692307696 0.04326923076923077
4 0.5528846153846154 0.3581730769230769 0.042067307692307696 0.027644230769230768
4 0.7043269230769231 0.40384615384615385 0.052884615384615384 0.02403846153846154