2 0.9206730769230769 0.29086538461538464 0.15865384615384615 0.20673076923076922
2 0.7247596153846154 0.4098557692307692 0.08173076923076923 0.11778846153846154
2 0.5564903846153846 0.3485576923076923 0.06490384615384616 0.11778846153846154
2 0.38100961538461536 0.3449519230769231 0.08413461538461539 0.13701923076923078
2 0.4423076923076923 0.3401442307692308 0.0625 0.10817307692307693
2 0.21875 0.32572115384615385 0.11057692307692307 0.17067307692307693
2 0.08052884615384616 0.2824519230769231 0.14423076923076922 0.20673076923076922
1 0.6634615384615384 0.9579326923076923 0.0625 0.08413461538461539
1 0.6382211538461539 0.8942307692307693 0.06971153846153846 0.055288461538461536
1 0.3425480769230769 0.9182692307692307 0.057692307692307696 0.09375
1 0.40625 0.8930288461538461 0.07451923076923077 0.06009615384615385
1 0.453125 0.8137019230769231 0.06009615384615385 0.04807692307692308
4 0.5625 0.36177884615384615 0.04326923076923077 0.03125
4 0.7103365384615384 0.4182692307692308 0.055288461538461536 0.028846153846153848