2 0.0829326923076923 0.33653846153846156 0.05048076923076923 0.11298076923076923
2 0.18629807692307693 0.3425480769230769 0.056490384615384616 0.11778846153846154
2 0.2824519230769231 0.375 0.055288461538461536 0.12139423076923077
2 0.4110576923076923 0.33653846153846156 0.052884615384615384 0.11538461538461539
2 0.5096153846153846 0.35336538461538464 0.06129807692307692 0.11538461538461539
2 0.6358173076923077 0.3449519230769231 0.056490384615384616 0.11538461538461539
2 0.7620192307692307 0.3449519230769231 0.055288461538461536 0.11899038461538461
2 0.9086538461538461 0.3786057692307692 0.06370192307692307 0.13221153846153846
4 0.4098557692307692 0.34134615384615385 0.052884615384615384 0.02403846153846154
1 0.484375 0.9242788461538461 0.052884615384615384 0.0733173076923077
1 0.5360576923076923 0.9290865384615384 0.03485576923076923 0.0829326923076923
1 0.3701923076923077 0.9302884615384616 0.037259615384615384 0.07211538461538461
1 0.41947115384615385 0.9098557692307693 0.04567307692307692 0.06850961538461539
1 0.6117788461538461 0.9254807692307693 0.057692307692307696 0.055288461538461536
1 0.6586538461538461 0.9411057692307693 0.04567307692307692 0.08653846153846154
1 0.7235576923076923 0.9483173076923077 0.046875 0.0625
1 0.7908653846153846 0.9567307692307693 0.046875 0.07211538461538461
1 0.25961538461538464 0.9098557692307693 0.055288461538461536 0.07932692307692307
1 0.3137019230769231 0.9146634615384616 0.036057692307692304 0.08653846153846154
1 0.2127403846153846 0.9026442307692307 0.03485576923076923 0.08774038461538461
1 0.16466346153846154 0.9050480769230769 0.055288461538461536 0.08653846153846154
1 0.11538461538461539 0.8846153846153846 0.036057692307692304 0.07451923076923077
1 0.05048076923076923 0.8990384615384616 0.05048076923076923 0.07692307692307693