2 0.765625 0.28725961538461536 0.046875 0.0829326923076923
2 0.7163461538461539 0.2932692307692308 0.051682692307692304 0.10096153846153846
2 0.6682692307692307 0.33774038461538464 0.040865384615384616 0.0733173076923077
2 0.2920673076923077 0.2764423076923077 0.0625 0.11899038461538461
2 0.3557692307692308 0.3004807692307692 0.056490384615384616 0.09735576923076923
2 0.030048076923076924 0.2548076923076923 0.052884615384615384 0.109375
1 0.5144230769230769 0.7151442307692307 0.037259615384615384 0.04567307692307692
1 0.046875 0.7920673076923077 0.05889423076923077 0.046875
1 0.7127403846153846 0.7956730769230769 0.056490384615384616 0.05889423076923077
1 0.7524038461538461 0.7692307692307693 0.042067307692307696 0.04567307692307692
1 0.8533653846153846 0.7740384615384616 0.06129807692307692 0.036057692307692304
1 0.3425480769230769 0.875 0.06971153846153846 0.037259615384615384
1 0.22235576923076922 0.8161057692307693 0.055288461538461536 0.08653846153846154
4 0.859375 0.28725961538461536 0.040865384615384616 0.02403846153846154
1 0.4050480769230769 0.8137019230769231 0.06370192307692307 0.038461538461538464
1 0.11298076923076923 0.7307692307692307 0.04567307692307692 0.06370192307692307