1 0.2668269230769231 0.8870192307692307 0.07451923076923077 0.03365384615384615
1 0.33774038461538464 0.8713942307692307 0.09134615384615384 0.036057692307692304
1 0.42788461538461536 0.8629807692307693 0.06490384615384616 0.036057692307692304
1 0.5300480769230769 0.8497596153846154 0.06009615384615385 0.03125
1 0.6706730769230769 0.8245192307692307 0.057692307692307696 0.03125
1 0.71875 0.828125 0.07451923076923077 0.03125
1 0.8088942307692307 0.6622596153846154 0.06971153846153846 0.026442307692307692
2 0.265625 0.5108173076923077 0.08413461538461539 0.06971153846153846
2 0.47836538461538464 0.4639423076923077 0.06971153846153846 0.07211538461538461
2 0.6598557692307693 0.4639423076923077 0.06490384615384616 0.07451923076923077
2 0.7079326923076923 0.40865384615384615 0.0625 0.057692307692307696
2 0.1875 0.44591346153846156 0.0673076923076923 0.06009615384615385
2 0.2932692307692308 0.4375 0.0625 0.052884615384615384
2 0.296875 0.21634615384615385 0.04326923076923077 0.03365384615384615
4 0.2692307692307692 0.5108173076923077 0.06490384615384616 0.026442307692307692