1 0.16346153846153846 0.953125 0.07692307692307693 0.09375
1 0.25240384615384615 0.9230769230769231 0.10817307692307693 0.09375
1 0.35336538461538464 0.9230769230769231 0.06971153846153846 0.07692307692307693
1 0.40384615384615385 0.8978365384615384 0.09615384615384616 0.08413461538461539
1 0.5348557692307693 0.8810096153846154 0.11538461538461539 0.07692307692307693
1 0.5877403846153846 0.8966346153846154 0.09134615384615384 0.07692307692307693
1 0.6911057692307693 0.8762019230769231 0.10096153846153846 0.07932692307692307
1 0.7788461538461539 0.8846153846153846 0.055288461538461536 0.07692307692307693
2 0.6502403846153846 0.15264423076923078 0.10096153846153846 0.14903846153846154
2 0.48677884615384615 0.18990384615384615 0.10336538461538461 0.14182692307692307
2 0.33413461538461536 0.23798076923076922 0.09134615384615384 0.12980769230769232
2 0.1778846153846154 0.20552884615384615 0.10576923076923077 0.1466346153846154
4 0.6418269230769231 0.1502403846153846 0.06971153846153846 0.038461538461538464
4 0.18269230769230768 0.22115384615384615 0.06009615384615385 0.04326923076923077