2 0.8701923076923077 0.36899038461538464 0.0889423076923077 0.10336538461538461
2 0.6754807692307693 0.3545673076923077 0.06009615384615385 0.07692307692307693
2 0.2283653846153846 0.23076923076923078 0.06971153846153846 0.08653846153846154
2 0.5132211538461539 0.3004807692307692 0.0985576923076923 0.11298076923076923
2 0.37259615384615385 0.2668269230769231 0.08413461538461539 0.10096153846153846
2 0.8185096153846154 0.38341346153846156 0.055288461538461536 0.07451923076923077
1 0.1141826923076923 0.59375 0.06490384615384616 0.06009615384615385
1 0.6947115384615384 0.6802884615384616 0.06490384615384616 0.04807692307692308
1 0.4375 0.734375 0.0985576923076923 0.0985576923076923
1 0.7271634615384616 0.7391826923076923 0.0673076923076923 0.055288461538461536
1 0.6225961538461539 0.6298076923076923 0.05048076923076923 0.04807692307692308
2 0.18509615384615385 0.24759615384615385 0.04326923076923077 0.04807692307692308
1 0.7980769230769231 0.78125 0.055288461538461536 0.06490384615384616
1 0.31971153846153844 0.625 0.0625 0.05048076923076923
1 0.21754807692307693 0.5925480769230769 0.04567307692307692 0.052884615384615384
1 0.4579326923076923 0.7524038461538461 0.07211538461538461 0.08653846153846154
1 0.43028846153846156 0.9026442307692307 0.07211538461538461 0.07451923076923077
1 0.3858173076923077 0.9086538461538461 0.0625 0.06490384615384616
1 0.6766826923076923 0.9927884615384616 0.07451923076923077 0.014423076923076924
1 0.7524038461538461 0.9891826923076923 0.0625 0.021634615384615384
1 0.35697115384615385 0.6370192307692307 0.04807692307692308 0.0673076923076923
2 0.41947115384615385 0.030048076923076924 0.07451923076923077 0.06009615384615385
2 0.5637019230769231 0.046875 0.09375 0.09375
2 0.27524038461538464 0.016826923076923076 0.06971153846153846 0.03365384615384615
2 0.9194711538461539 0.11177884615384616 0.08653846153846154 0.08653846153846154