2 0.13822115384615385 0.6225961538461539 0.11538461538461539 0.18509615384615385
2 0.3004807692307692 0.6045673076923077 0.11538461538461539 0.17307692307692307
2 0.4879807692307692 0.4987980769230769 0.11538461538461539 0.1658653846153846
2 0.6586538461538461 0.4675480769230769 0.11057692307692307 0.1658653846153846
2 0.5396634615384616 0.08413461538461539 0.10576923076923077 0.15865384615384615
2 0.41586538461538464 0.16466346153846154 0.10817307692307693 0.15865384615384615
2 0.3137019230769231 0.19230769230769232 0.10817307692307693 0.15625
2 0.18509615384615385 0.23197115384615385 0.10576923076923077 0.16346153846153846
2 0.036057692307692304 0.2536057692307692 0.07211538461538461 0.17548076923076922
2 0.6598557692307693 0.07692307692307693 0.09615384615384616 0.15144230769230768
2 0.7403846153846154 0.06129807692307692 0.10576923076923077 0.12259615384615384
1 0.9831730769230769 0.8269230769230769 0.03365384615384615 0.10096153846153846
1 0.8713942307692307 0.8521634615384616 0.09615384615384616 0.09134615384615384