2 0.7584134615384616 0.2776442307692308 0.05048076923076923 0.08413461538461539
2 0.7091346153846154 0.2860576923076923 0.055288461538461536 0.10336538461538461
2 0.6622596153846154 0.3317307692307692 0.04326923076923077 0.07451923076923077
2 0.2848557692307692 0.28365384615384615 0.0673076923076923 0.1201923076923077
2 0.3485576923076923 0.30528846153846156 0.06009615384615385 0.0985576923076923
2 0.025240384615384616 0.27163461538461536 0.05048076923076923 0.11057692307692307
1 0.5216346153846154 0.7139423076923077 0.038461538461538464 0.04807692307692308
1 0.057692307692307696 0.8076923076923077 0.06009615384615385 0.04807692307692308
1 0.7223557692307693 0.7884615384615384 0.057692307692307696 0.06009615384615385
1 0.7620192307692307 0.7608173076923077 0.04326923076923077 0.04807692307692308
1 0.8629807692307693 0.7620192307692307 0.0625 0.038461538461538464
1 0.3557692307692308 0.8798076923076923 0.07211538461538461 0.040865384615384616
1 0.23317307692307693 0.8257211538461539 0.057692307692307696 0.0889423076923077
4 0.8521634615384616 0.27524038461538464 0.040865384615384616 0.026442307692307692
1 0.41586538461538464 0.8173076923076923 0.06490384615384616 0.040865384615384616
1 0.12139423076923077 0.7439903846153846 0.04807692307692308 0.06490384615384616