2 0.6586538461538461 0.44711538461538464 0.04807692307692308 0.0829326923076923
2 0.06971153846153846 0.40865384615384615 0.09495192307692307 0.16105769230769232
2 0.7451923076923077 0.44350961538461536 0.052884615384615384 0.09254807692307693
2 0.18028846153846154 0.4567307692307692 0.07932692307692307 0.125
2 0.9098557692307693 0.3870192307692308 0.13221153846153846 0.18629807692307693
2 0.46634615384615385 0.46875 0.06129807692307692 0.09375
2 0.33413461538461536 0.45913461538461536 0.06129807692307692 0.08774038461538461
1 0.36538461538461536 0.8846153846153846 0.056490384615384616 0.05048076923076923
2 0.7932692307692307 0.47115384615384615 0.06850961538461539 0.1141826923076923
2 0.5745192307692307 0.4651442307692308 0.038461538461538464 0.0733173076923077
2 0.24759615384615385 0.47596153846153844 0.06370192307692307 0.09735576923076923
1 0.7223557692307693 0.9026442307692307 0.057692307692307696 0.04326923076923077
1 0.31009615384615385 0.9110576923076923 0.042067307692307696 0.052884615384615384
1 0.5144230769230769 0.8918269230769231 0.051682692307692304 0.04807692307692308
1 0.45552884615384615 0.8870192307692307 0.04567307692307692 0.06370192307692307
1 0.6947115384615384 0.8449519230769231 0.040865384615384616 0.05889423076923077
2 0.8497596153846154 0.4519230769230769 0.051682692307692304 0.12379807692307693
1 0.6286057692307693 0.8425480769230769 0.042067307692307696 0.05889423076923077
1 0.7692307692307693 0.9675480769230769 0.055288461538461536 0.03485576923076923
1 0.25721153846153844 0.9314903846153846 0.056490384615384616 0.056490384615384616
1 0.5444711538461539 0.8173076923076923 0.038461538461538464 0.037259615384615384
1 0.2247596153846154 0.9591346153846154 0.0673076923076923 0.04807692307692308
1 0.5973557692307693 0.8149038461538461 0.03125 0.051682692307692304
1 0.7620192307692307 0.9254807692307693 0.051682692307692304 0.06610576923076923