2 0.3245192307692308 0.07091346153846154 0.09254807692307693 0.07692307692307693
2 0.7247596153846154 0.09254807692307693 0.07692307692307693 0.057692307692307696
2 0.3954326923076923 0.09975961538461539 0.04326923076923077 0.040865384615384616
2 0.4807692307692308 0.25 0.17067307692307693 0.13701923076923078
1 0.546875 0.5685096153846154 0.07451923076923077 0.052884615384615384
1 0.8209134615384616 0.5300480769230769 0.0889423076923077 0.06850961538461539
2 0.4411057692307692 0.1201923076923077 0.020432692307692308 0.021634615384615384
2 0.47475961538461536 0.13701923076923078 0.016826923076923076 0.016826923076923076
2 0.5697115384615384 0.13822115384615385 0.019230769230769232 0.016826923076923076
2 0.6105769230769231 0.13341346153846154 0.019230769230769232 0.014423076923076924
2 0.5144230769230769 0.14302884615384615 0.020432692307692308 0.014423076923076924